   115.000  0.0000000  0.0000000  0.0000000
   115.500  0.0000000  0.0000000  0.0000000
   116.000  0.0000000  0.0000000  0.0000000
   116.500  0.0000000  0.0000000  0.0000000
   117.000  0.0000000  0.0000000  0.0000000
   117.500  0.0000000  0.0000000  0.0000000
   118.000  0.0000000  0.0000000  0.0000000
   118.500  0.0000000  0.0000000  0.0000000
   119.000  0.0000000  0.0000000  0.0000000
   119.500  0.0000000  0.0000000  0.0000000
   120.000  0.0000000  0.0000000  0.0000000
   120.500  0.0000000  0.0000000  0.0000000
   121.000  0.0000000  0.0000000  0.0000000
   121.500  0.0000000  0.0000000  0.0000000
   122.000  0.0000000  0.0000000  0.0000000
   122.500  0.0000000  0.0000000  0.0000000
   123.000  0.0000000  0.0000000  0.0000000
   123.500  0.0000000  0.0000000  0.0000000
   124.000  0.0000000  0.0000000  0.0000000
   124.500  0.0000000  0.0000000  0.0000000
   125.000  0.0000000  0.0000000  0.0000000
   125.500  0.0000000  0.0000000  0.0000000
   126.000  0.0000000  0.0000000  0.0000000
   126.500  0.0000000  0.0000000  0.0000000
   127.000  0.0000000  0.0000000  0.0000000
   127.500  0.0000000  0.0000000  0.0000000
   128.000  0.0000000  0.0000000  0.0000000
   128.500  0.0000000  0.0000000  0.0000000
   129.000  0.0000000  0.0000000  0.0000000
   129.500  0.0000000  0.0000000  0.0000000
   130.000  0.0000000  0.0000000  0.0000000
   130.500  0.0000000  0.0000000  0.0000000
   131.000  0.0000000  0.0000000  0.0000000
   131.500  0.0000000  0.0000000  0.0000000
   132.000  0.0000000  0.0000000  0.0000000
   132.500  0.0000000  0.0000000  0.0000000
   133.000  0.0000000  0.0000000  0.0000000
   133.500  0.0000000  0.0000000  0.0000000
   134.000  0.0000000  0.0000000  0.0000000
   134.500  0.0000000  0.0000000  0.0000000
   135.000  0.0000000  0.0000000  0.0000000
   135.500  0.0000000  0.0000000  0.0000000
   136.000  0.0000000  0.0000000  0.0000000
   136.500  0.0000000  0.0000000  0.0000000
   137.000  0.0000000  0.0000000  0.0000000
   137.500  0.0000000  0.0000000  0.0000000
   138.000  0.0000000  0.0000000  0.0000000
   138.500  0.0000000  0.0000000  0.0000000
   139.000  0.0000000  0.0000000  0.0000000
   139.500  0.0000000  0.0000000  0.0000000
   140.000  0.0000000  0.0000000  0.0000000
   140.500  0.0000000  0.0000000  0.0000000
   141.000  0.0000000  0.0000000  0.0000000
   141.500  0.0000000  0.0000000  0.0000000
   142.000  0.0000000  0.0000000  0.0000000
   142.500  0.0000000  0.0000000  0.0000000
   143.000  0.0000000  0.0000000  0.0000000
   143.500  0.0000000  0.0000000  0.0000000
   144.000  0.0000000  0.0000000  0.0000000
   144.500  0.0000000  0.0000000  0.0000000
   145.000  0.0000000  0.0000000  0.0000000
   145.500  0.0000000  0.0000000  0.0000000
   146.000  0.0000000  0.0000000  0.0000000
   146.500  0.0000000  0.0000000  0.0000000
   147.000  0.0000000  0.0000000  0.0000000
   147.500  0.0000000  0.0000000  0.0000000
   148.000  0.0000000  0.0000000  0.0000000
   148.500  0.0000000  0.0000000  0.0000000
   149.000  0.0000000  0.0000000  0.0000000
   149.500  0.0000000  0.0000000  0.0000000
   150.000  0.0000000  0.0000000  0.0000000
   150.500  0.0000000  0.0000000  0.0000000
   151.000  0.0000000  0.0000000  0.0000000
   151.500  0.0000000  0.0000000  0.0000000
   152.000  0.0000000  0.0000000  0.0000000
   152.500  0.0000000  0.0000000  0.0000000
   153.000  0.0000000  0.0000000  0.0000000
   153.500  0.0000000  0.0000000  0.0000000
   154.000  0.0000000  0.0000000  0.0000000
   154.500  0.0000000  0.0000000  0.0000000
   155.000  0.0000000  0.0000000  0.0000000
   155.500  0.0000000  0.0000000  0.0000000
   156.000  0.0000000  0.0000000  0.0000000
   156.500  0.0000000  0.0000000  0.0000000
   157.000  0.0000000  0.0000000  0.0000000
   157.500  0.0000000  0.0000000  0.0000000
   158.000  0.0000000  0.0000000  0.0000000
   158.500  0.0000000  0.0000000  0.0000000
   159.000  0.0000000  0.0000000  0.0000000
   159.500  0.0000000  0.0000000  0.0000000
   160.000  0.0000000  0.0000000  0.0000000
   160.500  0.0000000  0.0000000  0.0000000
   161.000  0.0000000  0.0000000  0.0000000
   161.500  0.0000000  0.0000000  0.0000000
   162.000  0.0000000  0.0000000  0.0000000
   162.500  0.0000000  0.0000000  0.0000000
   163.000  0.0000000  0.0000000  0.0000000
   163.500  0.0000000  0.0000000  0.0000000
   164.000  0.0000000  0.0000000  0.0000000
   164.500  0.0000000  0.0000000  0.0000000
   165.000  0.0000000  0.0000000  0.0000000
   165.500  0.0000000  0.0000000  0.0000000
   166.000  0.0000000  0.0000000  0.0000000
   166.500  0.0000000  0.0000000  0.0000000
   167.000  0.0000000  0.0000000  0.0000000
   167.500  0.0000000  0.0000000  0.0000000
   168.000  0.0000000  0.0000000  0.0000000
   168.500  0.0000000  0.0000000  0.0000000
   169.000  0.0000000  0.0000000  0.0000000
   169.500  0.0000000  0.0000000  0.0000000
   170.000  0.0000000  0.0000000  0.0000000
   170.500  0.0000000  0.0000000  0.0000000
   171.000  0.0000000  0.0000000  0.0000000
   171.500  0.0000000  0.0000000  0.0000000
   172.000  0.0000000  0.0000000  0.0000000
   172.500  0.0000000  0.0000000  0.0000000
   173.000  0.0000000  0.0000000  0.0000000
   173.500  0.0000000  0.0000000  0.0000000
   174.000  0.0000000  0.0000000  0.0000000
   174.500  0.0000000  0.0000000  0.0000000
   175.000  0.0000000  0.0000000  0.0000000
   175.500  0.0000000  0.0000000  0.0000000
   176.000  0.0000000  0.0000000  0.0000000
   176.500  0.0000000  0.0000000  0.0000000
   177.000  0.0000000  0.0000000  0.0000000
   177.500  0.0000000  0.0000000  0.0000000
   178.000  0.0000000  0.0000000  0.0000000
   178.500  0.0000000  0.0000000  0.0000000
   179.000  0.0000000  0.0000000  0.0000000
   179.500  0.0000000  0.0000000  0.0000000
   180.000  0.0000000  0.0000000  0.0000000
   180.500  0.0000000  0.0000000  0.0000000
   181.000  0.0000000  0.0000000  0.0000000
   181.500  0.0000000  0.0000000  0.0000000
   182.000  0.0000000  0.0000000  0.0000000
   182.500  0.0000000  0.0000000  0.0000000
   183.000  0.0000000  0.0000000  0.0000000
   183.500  0.0000000  0.0000000  0.0000000
   184.000  0.0000000  0.0000000  0.0000000
   184.500  0.0000000  0.0000000  0.0000000
   185.000  0.0000000  0.0000000  0.0000000
   185.500  0.0000000  0.0000000  0.0000000
   186.000  0.0000000  0.0000000  0.0000000
   186.500  0.0000000  0.0000000  0.0000000
   187.000  0.0000000  0.0000000  0.0000000
   187.500  0.0000000  0.0000000  0.0000000
   188.000  0.0000000  0.0000000  0.0000000
   188.500  0.0000000  0.0000000  0.0000000
   189.000  0.0000000  0.0000000  0.0000000
   189.500  0.0000000  0.0000000  0.0000000
   190.000  0.0000000  0.0000000  0.0000000
   190.500  0.0000000  0.0000000  0.0000000
   191.000  0.0000000  0.0000000  0.0000000
   191.500  0.0000000  0.0000000  0.0000000
   192.000  0.0000000  0.0000000  0.0000000
   192.500  0.0000000  0.0000000  0.0000000
   193.000  0.0000000  0.0000000  0.0000000
   193.500  0.0000000  0.0000000  0.0000000
   194.000  0.0000000  0.0000000  0.0000000
   194.500  0.0000000  0.0000000  0.0000000
   195.000  0.0000000  0.0000000  0.0000000
   195.500  0.0000000  0.0000000  0.0000000
   196.000  0.0000000  0.0000000  0.0000000
   196.500  0.0000000  0.0000000  0.0000000
   197.000  0.0000000  0.0000000  0.0000000
   197.500  0.0000000  0.0000000  0.0000000
   198.000  0.0000000  0.0000000  0.0000000
   198.500  0.0000000  0.0000000  0.0000000
   199.000  0.0000000  0.0000000  0.0000000
   199.500  0.0000000  0.0000000  0.0000000
   200.000  0.0000000  0.0000000  0.0000000
   200.500  0.0000000  0.0000000  0.0000000
   201.000  0.0000000  0.0000000  0.0000000
   201.500  0.0000000  0.0000000  0.0000000
   202.000  0.0000000  0.0000000  0.0000000
   202.500  0.0000000  0.0000000  0.0000000
   203.000  0.0000000  0.0000000  0.0000000
   203.500  0.0000000  0.0000000  0.0000000
   204.000  0.0000000  0.0000000  0.0000000
   204.500  0.0000000  0.0000000  0.0000000
   205.000  0.0000000  0.0000000  0.0000000
   205.500  0.0000000  0.0000000  0.0000000
   206.000  0.0000000  0.0000000  0.0000000
   206.500  0.0000000  0.0000000  0.0000000
   207.000  0.0000000  0.0000000  0.0000000
   207.500  0.0000000  0.0000000  0.0000000
   208.000  0.0000000  0.0000000  0.0000000
   208.500  0.0000000  0.0000000  0.0000000
   209.000  0.0000000  0.0000000  0.0000000
   209.500  0.0000000  0.0000000  0.0000000
   210.000  0.0000000  0.0000000  0.0000000
   210.500  0.0000000  0.0000000  0.0000000
   211.000  0.0000000  0.0000000  0.0000000
   211.500  0.0000000  0.0000000  0.0000000
   212.000  0.0000000  0.0000000  0.0000000
   212.500  0.0000000  0.0000000  0.0000000
   213.000  0.0000000  0.0000000  0.0000000
   213.500  0.0000000  0.0000000  0.0000000
   214.000  0.0000000  0.0000000  0.0000000
   214.500  0.0000000  0.0000000  0.0000000
   215.000  0.0000000  0.0000000  0.0000000
   215.500  0.0000000  0.0000000  0.0000000
   216.000  0.0000000  0.0000000  0.0000000
   216.500  0.0000000  0.0000000  0.0000000
   217.000  0.0000000  0.0000000  0.0000000
   217.500  0.0000000  0.0000000  0.0000000
   218.000  0.0000000  0.0000000  0.0000000
   218.500  0.0000000  0.0000000  0.0000000
   219.000  0.0000000  0.0000000  0.0000000
   219.500  0.0000000  0.0000000  0.0000000
   220.000  0.0000000  0.0000000  0.0000000
   220.500  0.0000000  0.0000000  0.0000000
   221.000  0.0000000  0.0000000  0.0000000
   221.500  0.0000000  0.0000000  0.0000000
   222.000  0.0000000  0.0000000  0.0000000
   222.500  0.0000000  0.0000000  0.0000000
   223.000  0.0000000  0.0000000  0.0000000
   223.500  0.0000000  0.0000000  0.0000000
   224.000  0.0000000  0.0000000  0.0000000
   224.500  0.0000000  0.0000000  0.0000000
   225.000  0.0000000  0.0000000  0.0000000
   225.500  0.0000000  0.0000000  0.0000000
   226.000  0.0000000  0.0000000  0.0000000
   226.500  0.0000000  0.0000000  0.0000000
   227.000  0.0000000  0.0000000  0.0000000
   227.500  0.0000000  0.0000000  0.0000000
   228.000  0.0000000  0.0000000  0.0000000
   228.500  0.0000000  0.0000000  0.0000000
   229.000  0.0000000  0.0000000  0.0000000
   229.500  0.0000000  0.0000000  0.0000000
   230.000  0.0000000  0.0000000  0.0000000
   230.500  0.0000000  0.0000000  0.0000000
   231.000  0.0000000  0.0000000  0.0000000
   231.500  0.0000000  0.0000000  0.0000000
   232.000  0.0000000  0.0000000  0.0000000
   232.500  0.0000000  0.0000000  0.0000000
   233.000  0.0000000  0.0000000  0.0000000
   233.500  0.0000000  0.0000000  0.0000000
   234.000  0.0000000  0.0000000  0.0000000
   234.500  0.0000000  0.0000000  0.0000000
   235.000  0.0000000  0.0000000  0.0000000
   235.500  0.0000000  0.0000000  0.0000000
   236.000  0.0000000  0.0000000  0.0000000
   236.500  0.0000000  0.0000000  0.0000000
   237.000  0.0000000  0.0000000  0.0000000
   237.500  0.0000000  0.0000000  0.0000000
   238.000  0.0000000  0.0000000  0.0000000
   238.500  0.0000000  0.0000000  0.0000000
   239.000  0.0000000  0.0000000  0.0000000
   239.500  0.0000000  0.0000000  0.0000000
   240.000  0.0000000  0.0000000  0.0000000
   240.500  0.0000000  0.0000000  0.0000000
   241.000  0.0000000  0.0000000  0.0000000
   241.500  0.0000000  0.0000000  0.0000000
   242.000  0.0000000  0.0000000  0.0000000
   242.500  0.0000000  0.0000000  0.0000000
   243.000  0.0000000  0.0000000  0.0000000
   243.500  0.0000000  0.0000000  0.0000000
   244.000  0.0000000  0.0000000  0.0000000
   244.500  0.0000000  0.0000000  0.0000000
   245.000  0.0000000  0.0000000  0.0000000
   245.500  0.0000000  0.0000000  0.0000000
   246.000  0.0000000  0.0000000  0.0000000
   246.500  0.0000000  0.0000000  0.0000000
   247.000  0.0000000  0.0000000  0.0000000
   247.500  0.0000000  0.0000000  0.0000000
   248.000  0.0000000  0.0000000  0.0000000
   248.500  0.0000000  0.0000000  0.0000000
   249.000  0.0000000  0.0000000  0.0000000
   249.500  0.0000000  0.0000000  0.0000000
   250.000  0.0000000  0.0000000  0.0000000
   250.500  0.0000000  0.0000000  0.0000000
   251.000  0.0000000  0.0000000  0.0000000
   251.500  0.0000000  0.0000000  0.0000000
   252.000  0.0000000  0.0000000  0.0000000
   252.500  0.0000000  0.0000000  0.0000000
   253.000  0.0000000  0.0000000  0.0000000
   253.500  0.0000000  0.0000000  0.0000000
   254.000  0.0000000  0.0000000  0.0000000
   254.500  0.0000000  0.0000000  0.0000000
   255.000  0.0000000  0.0000000  0.0000000
   255.500  0.0000000  0.0000000  0.0000000
   256.000  0.0000000  0.0000000  0.0000000
   256.500  0.0000000  0.0000000  0.0000000
   257.000  0.0000000  0.0000000  0.0000000
   257.500  0.0000000  0.0000000  0.0000000
   258.000  0.0000000  0.0000000  0.0000000
   258.500  0.0000000  0.0000000  0.0000000
   259.000  0.0000000  0.0000000  0.0000000
   259.500  0.0000000  0.0000000  0.0000000
   260.000  0.0000000  0.0000000  0.0000000
   260.500  0.0000000  0.0000000  0.0000000
   261.000  0.0000000  0.0000000  0.0000000
   261.500  0.0000000  0.0000000  0.0000000
   262.000  0.0000000  0.0000000  0.0000000
   262.500  0.0000000  0.0000000  0.0000000
   263.000  0.0000000  0.0000000  0.0000000
   263.500  0.0000000  0.0000000  0.0000000
   264.000  0.0000000  0.0000000  0.0000000
   264.500  0.0000000  0.0000000  0.0000000
   265.000  0.0000000  0.0000000  0.0000000
   265.500  0.0000000  0.0000000  0.0000000
   266.000  0.0000000  0.0000000  0.0000000
   266.500  0.0000000  0.0000000  0.0000000
   267.000  0.0000000  0.0000000  0.0000000
   267.500  0.0000000  0.0000000  0.0000000
   268.000  0.0000000  0.0000000  0.0000000
   268.500  0.0000000  0.0000000  0.0000000
   269.000  0.0000000  0.0000000  0.0000000
   269.500  0.0000000  0.0000000  0.0000000
   270.000  0.0000000  0.0000000  0.0000000
   270.500  0.0000000  0.0000000  0.0000000
   271.000  0.0000000  0.0000000  0.0000000
   271.500  0.0000000  0.0000000  0.0000000
   272.000  0.0000000  0.0000000  0.0000000
   272.500  0.0000000  0.0000000  0.0000000
   273.000  0.0000000  0.0000000  0.0000000
   273.500  0.0000000  0.0000000  0.0000000
   274.000  0.0000000  0.0000000  0.0000000
   274.500  0.0000000  0.0000000  0.0000000
   275.000  0.0000000  0.0000000  0.0000000
   275.500  0.0000000  0.0000000  0.0000000
   276.000  0.0000000  0.0000000  0.0000000
   276.500  0.0000000  0.0000000  0.0000000
   277.000  0.0000000  0.0000000  0.0000000
   277.500  0.0000000  0.0000000  0.0000000
   278.000  0.0000000  0.0000000  0.0000000
   278.500  0.0000000  0.0000000  0.0000000
   279.000  0.0000000  0.0000000  0.0000000
   279.500  0.0000000  0.0000000  0.0000000
   280.000  0.0000000  0.0000000  0.0000000
   280.500  0.0000000  0.0000000  0.0000000
   281.000  0.0000000  0.0000000  0.0000000
   281.500  0.0000000  0.0000000  0.0000000
   282.000  0.0000000  0.0000000  0.0000000
   282.500  0.0000000  0.0000000  0.0000000
   283.000  0.0000000  0.0000000  0.0000000
   283.500  0.0000000  0.0000000  0.0000000
   284.000  0.0000000  0.0000000  0.0000000
   284.500  0.0000000  0.0000000  0.0000000
   285.000  0.0000000  0.0000000  0.0000000
   285.500  0.0000000  0.0000000  0.0000000
   286.000  0.0000000  0.0000000  0.0000000
   286.500  0.0000000  0.0000000  0.0000000
   287.000  0.0000000  0.0000000  0.0000000
   287.500  0.0000000  0.0000000  0.0000000
   288.000  0.0000000  0.0000000  0.0000000
   288.500  0.0000000  0.0000000  0.0000000
   289.000  0.0000000  0.0000000  0.0000000
   289.500  0.0000000  0.0000000  0.0000000
   290.000  0.0000000  0.0000000  0.0000000
   290.500  0.0000000  0.0000000  0.0000000
   291.000  0.0000000  0.0000000  0.0000000
   291.500  0.0000000  0.0000000  0.0000000
   292.000  0.0000000  0.0000000  0.0000000
   292.500  0.0000000  0.0000000  0.0000000
   293.000  0.0000000  0.0000000  0.0000000
   293.500  0.0000000  0.0000000  0.0000000
   294.000  0.0000000  0.0000000  0.0000000
   294.500  0.0000000  0.0000000  0.0000000
   295.000  0.0000000  0.0000000  0.0000000
   295.500  0.0000000  0.0000000  0.0000000
   296.000  0.0000000  0.0000000  0.0000000
   296.500  0.0000000  0.0000000  0.0000000
   297.000  0.0000000  0.0000000  0.0000000
   297.500  0.0000000  0.0000000  0.0000000
   298.000  0.0000000  0.0000000  0.0000000
   298.500  0.0000000  0.0000000  0.0000000
   299.000  0.0000000  0.0000000  0.0000000
   299.500  0.0000000  0.0000000  0.0000000
   300.000  0.0000000  0.0000000  0.0000000
   300.500  0.0000000  0.0000000  0.0000000
   301.000  0.0000000  0.0000000  0.0000000
   301.500  0.0000000  0.0000000  0.0000000
   302.000  0.0000000  0.0000000  0.0000000
   302.500  0.0000000  0.0000000  0.0000000
   303.000  0.0000000  0.0000000  0.0000000
   303.500  0.0000000  0.0000000  0.0000000
   304.000  0.0000000  0.0000000  0.0000000
   304.500  0.0000000  0.0000000  0.0000000
   305.000  0.0000000  0.0000000  0.0000000
   305.500  0.0000000  0.0000000  0.0000000
   306.000  0.0000000  0.0000000  0.0000000
   306.500  0.0000000  0.0000000  0.0000000
   307.000  0.0000000  0.0000000  0.0000000
   307.500  0.0000000  0.0000000  0.0000000
   308.000  0.0000000  0.0000000  0.0000000
   308.500  0.0000000  0.0000000  0.0000000
   309.000  0.0000000  0.0000000  0.0000000
   309.500  0.0000000  0.0000000  0.0000000
   310.000  0.0000000  0.0000000  0.0000000
   310.500  0.0000000  0.0000000  0.0000000
   311.000  0.0000000  0.0000000  0.0000000
   311.500  0.0000000  0.0000000  0.0000000
   312.000  0.0002508  0.0003546  0.0003546
   312.500  0.0002841  0.0004017  0.0004017
   313.000  0.0000884  0.0001250  0.0001250
   313.500  0.0003383  0.0004784  0.0004784
   314.000  0.0004893  0.0006919  0.0006919
   314.500  0.0004841  0.0006847  0.0006847
   315.000  0.0005720  0.0008089  0.0008089
   315.500  0.0004136  0.0005849  0.0005849
   316.000  0.0002596  0.0003671  0.0003671
   316.500  0.0003021  0.0004272  0.0004272
   317.000  0.0005222  0.0007385  0.0007385
   317.500  0.0004970  0.0007029  0.0007029
   318.000  0.0003149  0.0004454  0.0004454
   318.500  0.0002423  0.0003427  0.0003427
   319.000  0.0004009  0.0005670  0.0005670
   319.500  0.0004571  0.0006464  0.0006464
   320.000  0.0003957  0.0005597  0.0005597
   320.500  0.0003877  0.0005483  0.0005483
   321.000  0.0003947  0.0005582  0.0005582
   321.500  0.0004712  0.0006664  0.0006664
   322.000  0.0006018  0.0008511  0.0008511
   322.500  0.0006294  0.0008901  0.0008901
   323.000  0.0005837  0.0008255  0.0008255
   323.500  0.0006875  0.0009723  0.0009723
   324.000  0.0004237  0.0005992  0.0005992
   324.500  0.0004522  0.0006396  0.0006396
   325.000  0.0004832  0.0006833  0.0006833
   325.500  0.0005088  0.0007195  0.0007195
   326.000  0.0005589  0.0007904  0.0007904
   326.500  0.0006430  0.0009093  0.0009093
   327.000  0.0004332  0.0006126  0.0006126
   327.500  0.0003772  0.0005335  0.0005335
   328.000  0.0004533  0.0006411  0.0006411
   328.500  0.0012242  0.0012831  0.0012831
   329.000  0.0006680  0.0006855  0.0006855
   329.500  0.0004432  0.0004512  0.0004512
   330.000  0.0010896  0.0014112  0.0014112
   330.500  0.0004867  0.0005066  0.0005066
   331.000  0.0003604  0.0006643  0.0006643
   331.500  0.0004257  0.0006675  0.0006675
   332.000  0.0007701  0.0007740  0.0007740
   332.500  0.0004502  0.0004507  0.0004507
   333.000  0.0006444  0.0006458  0.0006458
   333.500  0.0014201  0.0015593  0.0015593
   334.000  0.0015474  0.0017154  0.0017154
   334.500  0.0013703  0.0015748  0.0015748
   335.000  0.0014672  0.0019105  0.0019105
   335.500  0.0021271  0.0029003  0.0029003
   336.000  0.0016810  0.0021924  0.0021924
   336.500  0.0009203  0.0009203  0.0009203
   337.000  0.0009542  0.0006785  0.0006785
   337.500  0.0008211  0.0007455  0.0007455
   338.000  0.0007020  0.0007512  0.0007512
   338.500  0.0009986  0.0007031  0.0007031
   339.000  0.0010965  0.0007376  0.0007376
   339.500  0.0012148  0.0007604  0.0007604
   340.000  0.0017909  0.0014897  0.0014897
   340.500  0.0016701  0.0012376  0.0012376
   341.000  0.0010685  0.0007379  0.0007379
   341.500  0.0007864  0.0005397  0.0005397
   342.000  0.0000691  0.0010596  0.0010596
   342.500  0.0011834  0.0005939  0.0005939
   343.000  0.0014659  0.0007825  0.0007825
   343.500  0.0010675  0.0008390  0.0008390
   344.000  0.0014585  0.0004901  0.0004901
   344.500  0.0009972  0.0012142  0.0012142
   345.000  0.0016583  0.0005562  0.0005562
   345.500  0.0017850  0.0004014  0.0004014
   346.000  0.0017550  0.0006726  0.0006726
   346.500  0.0020642  0.0009145  0.0009145
   347.000  0.0014884  0.0001674  0.0001674
   347.500  0.0013093  0.0007657  0.0007657
   348.000  0.0013851  0.0006121  0.0006121
   348.500  0.0018355  0.0001581  0.0001581
   349.000  0.0025986  0.0014010  0.0014010
   349.500  0.0024426  0.0011513  0.0011513
   350.000  0.0016558  0.0005111  0.0005111
   350.500  0.0022288  0.0009729  0.0009729
   351.000  0.0028072  0.0018610  0.0018610
   351.500  0.0020799  0.0005692  0.0005692
   352.000  0.0023370  0.0004006  0.0004006
   352.500  0.0030959  0.0017538  0.0017538
   353.000  0.0023213  0.0006326  0.0006326
   353.500  0.0013186  0.0011015  0.0011015
   354.000  0.0018383  0.0005145  0.0005145
   354.500  0.0020830  0.0008837  0.0008837
   355.000  0.0033337  0.0013471  0.0013471
   355.500  0.0026426  0.0010652  0.0010652
   356.000  0.0022721  0.0009647  0.0009647
   356.500  0.0029279  0.0005176  0.0005176
   357.000  0.0031133  0.0005639  0.0005639
   357.500  0.0037653  0.0003118  0.0003118
   358.000  0.0039663  0.0008527  0.0008527
   358.500  0.0035655  0.0008007  0.0008007
   359.000  0.0033600  0.0010553  0.0010553
   359.500  0.0037212  0.0008773  0.0008773
   360.000  0.0039252  0.0007703  0.0007703
   360.500  0.0041411  0.0007630  0.0007630
   361.000  0.0046047  0.0006160  0.0006160
   361.500  0.0050238  0.0013224  0.0013224
   362.000  0.0050429  0.0012160  0.0012160
   362.500  0.0047515  0.0007359  0.0007359
   363.000  0.0048529  0.0008633  0.0008633
   363.500  0.0050943  0.0004887  0.0004887
   364.000  0.0051063  0.0005336  0.0005336
   364.500  0.0057095  0.0008814  0.0008814
   365.000  0.0057969  0.0011899  0.0011899
   365.500  0.0061724  0.0010148  0.0010148
   366.000  0.0063026  0.0009112  0.0009112
   366.500  0.0070714  0.0008345  0.0008345
   367.000  0.0073417  0.0005892  0.0005892
   367.500  0.0080877  0.0009861  0.0009861
   368.000  0.0085334  0.0010931  0.0010931
   368.500  0.0086080  0.0007836  0.0007836
   369.000  0.0095969  0.0012763  0.0012763
   369.500  0.0101047  0.0013123  0.0013123
   370.000  0.0104356  0.0014985  0.0014985
   370.500  0.0111308  0.0012629  0.0012629
   371.000  0.0123091  0.0010436  0.0010436
   371.500  0.0129372  0.0013314  0.0013314
   372.000  0.0131646  0.0015049  0.0015049
   372.500  0.0137448  0.0012329  0.0012329
   373.000  0.0146673  0.0011043  0.0011043
   373.500  0.0163676  0.0016320  0.0016320
   374.000  0.0181500  0.0019333  0.0019333
   374.500  0.0189329  0.0017345  0.0017345
   375.000  0.0200667  0.0015437  0.0015437
   375.500  0.0214911  0.0013842  0.0013842
   376.000  0.0233851  0.0019372  0.0019372
   376.500  0.0243022  0.0025016  0.0025016
   377.000  0.0259427  0.0023939  0.0023939
   377.500  0.0280263  0.0022221  0.0022221
   378.000  0.0285367  0.0010936  0.0010936
   378.500  0.0291763  0.0017128  0.0017128
   379.000  0.0308369  0.0027907  0.0027907
   379.500  0.0353598  0.0044332  0.0044332
   380.000  0.0408031  0.0053031  0.0053031
   380.500  0.0447538  0.0042085  0.0042085
   381.000  0.0458510  0.0032520  0.0032520
   381.500  0.0455639  0.0023180  0.0023180
   382.000  0.0461125  0.0017876  0.0017876
   382.500  0.0489668  0.0017488  0.0017488
   383.000  0.0540550  0.0044574  0.0044574
   383.500  0.0634125  0.0080011  0.0080011
   384.000  0.0735467  0.0090660  0.0090660
   384.500  0.0790287  0.0080438  0.0080438
   385.000  0.0802781  0.0057963  0.0057963
   385.500  0.0814051  0.0039055  0.0039055
   386.000  0.0837009  0.0021952  0.0021952
   386.500  0.0866337  0.0019929  0.0019929
   387.000  0.0893604  0.0034370  0.0034370
   387.500  0.0936692  0.0049813  0.0049813
   388.000  0.0994047  0.0044976  0.0044976
   388.500  0.1077032  0.0067258  0.0067258
   389.000  0.1219301  0.0118224  0.0118224
   389.500  0.1373562  0.0139617  0.0139617
   390.000  0.1434845  0.0128325  0.0128325
   390.500  0.1453873  0.0101856  0.0101856
   391.000  0.1488435  0.0067880  0.0067880
   391.500  0.1540798  0.0047454  0.0047454
   392.000  0.1641151  0.0022482  0.0022482
   392.500  0.1746772  0.0035751  0.0035751
   393.000  0.1833392  0.0040647  0.0040647
   393.500  0.1930411  0.0041021  0.0041021
   394.000  0.2020081  0.0034938  0.0034938
   394.500  0.2054986  0.0047801  0.0047801
   395.000  0.2062450  0.0068445  0.0068445
   395.500  0.2150728  0.0112129  0.0112129
   396.000  0.2231009  0.0132242  0.0132242
   396.500  0.2270027  0.0113395  0.0113395
   397.000  0.2363468  0.0151740  0.0151740
   397.500  0.2531461  0.0194898  0.0194898
   398.000  0.2611455  0.0202927  0.0202927
   398.500  0.2616277  0.0178584  0.0178584
   399.000  0.2647821  0.0138749  0.0138749
   399.500  0.2703543  0.0100295  0.0100295
   400.000  0.2777722  0.0075442  0.0075442
   400.500  0.2852065  0.0061490  0.0061490
   401.000  0.2926272  0.0071953  0.0071953
   401.500  0.3006892  0.0070595  0.0070595
   402.000  0.3084901  0.0074510  0.0074510
   402.500  0.3151432  0.0075214  0.0075214
   403.000  0.3240665  0.0072614  0.0072614
   403.500  0.3322238  0.0084644  0.0084644
   404.000  0.3411720  0.0064896  0.0064896
   404.500  0.3450249  0.0083211  0.0083211
   405.000  0.3534831  0.0067397  0.0067397
   405.500  0.3607348  0.0066567  0.0066567
   406.000  0.3682339  0.0067430  0.0067430
   406.500  0.3791575  0.0060659  0.0060659
   407.000  0.3869846  0.0083147  0.0083147
   407.500  0.3960879  0.0099303  0.0099303
   408.000  0.4025602  0.0145956  0.0145956
   408.500  0.4116676  0.0186561  0.0186561
   409.000  0.4197549  0.0234948  0.0234948
   409.500  0.4214186  0.0226037  0.0226037
   410.000  0.4205917  0.0189353  0.0189353
   410.500  0.4252576  0.0178674  0.0178674
   411.000  0.4355095  0.0216134  0.0216134
   411.500  0.4372298  0.0252816  0.0252816
   412.000  0.4394509  0.0248181  0.0248181
   412.500  0.4409365  0.0201080  0.0201080
   413.000  0.4452287  0.0140779  0.0140779
   413.500  0.4507294  0.0082838  0.0082838
   414.000  0.4536763  0.0065765  0.0065765
   414.500  0.4596299  0.0052760  0.0052760
   415.000  0.4623832  0.0037186  0.0037186
   415.500  0.4669828  0.0049637  0.0049637
   416.000  0.4755166  0.0026913  0.0026913
   416.500  0.4800467  0.0043221  0.0043221
   417.000  0.4908602  0.0044899  0.0044899
   417.500  0.4946331  0.0044115  0.0044115
   418.000  0.5036182  0.0034964  0.0034964
   418.500  0.5067715  0.0031977  0.0031977
   419.000  0.5120592  0.0041125  0.0041125
   419.500  0.5129157  0.0036018  0.0036018
   420.000  0.5113575  0.0036844  0.0036844
   420.500  0.5160539  0.0057531  0.0057531
   421.000  0.5168150  0.0044268  0.0044268
   421.500  0.5242890  0.0066694  0.0066694
   422.000  0.5283942  0.0026228  0.0026228
   422.500  0.5372685  0.0065676  0.0065676
   423.000  0.5416961  0.0029405  0.0029405
   423.500  0.5488329  0.0062804  0.0062804
   424.000  0.5517313  0.0029051  0.0029051
   424.500  0.5571054  0.0051749  0.0051749
   425.000  0.5595687  0.0055297  0.0055297
   425.500  0.5674548  0.0068223  0.0068223
   426.000  0.5667474  0.0073287  0.0073287
   426.500  0.5718174  0.0038356  0.0038356
   427.000  0.5707815  0.0059585  0.0059585
   427.500  0.5729030  0.0042903  0.0042903
   428.000  0.5766526  0.0044567  0.0044567
   428.500  0.5804991  0.0070396  0.0070396
   429.000  0.5906991  0.0088526  0.0088526
   429.500  0.5968421  0.0084697  0.0084697
   430.000  0.6077355  0.0099319  0.0099319
   430.500  0.6108605  0.0084783  0.0084783
   431.000  0.6150596  0.0106641  0.0106641
   431.500  0.6176899  0.0117596  0.0117596
   432.000  0.6200644  0.0139090  0.0139090
   432.500  0.6326422  0.0180891  0.0180891
   433.000  0.6545222  0.0238338  0.0238338
   433.500  0.6721927  0.0344496  0.0344496
   434.000  0.6821318  0.0370675  0.0370675
   434.500  0.6721476  0.0373315  0.0373315
   435.000  0.6475410  0.0231035  0.0231035
   435.500  0.6094704  0.0208976  0.0208976
   436.000  0.6000762  0.0212773  0.0212773
   436.500  0.5956217  0.0234328  0.0234328
   437.000  0.6058255  0.0213959  0.0213959
   437.500  0.6185515  0.0187611  0.0187611
   438.000  0.6294136  0.0145360  0.0145360
   438.500  0.6434349  0.0122584  0.0122584
   439.000  0.6501711  0.0120712  0.0120712
   439.500  0.6592680  0.0096108  0.0096108
   440.000  0.6592602  0.0113697  0.0113697
   440.500  0.6675752  0.0066669  0.0066669
   441.000  0.6723669  0.0091546  0.0091546
   441.500  0.6750922  0.0090824  0.0090824
   442.000  0.6825129  0.0086217  0.0086217
   442.500  0.6857299  0.0113285  0.0113285
   443.000  0.6919883  0.0109519  0.0109519
   443.500  0.6955604  0.0114074  0.0114074
   444.000  0.7010139  0.0100931  0.0100931
   444.500  0.7028857  0.0050944  0.0050944
   445.000  0.7101167  0.0113191  0.0113191
   445.500  0.7124898  0.0038931  0.0038931
   446.000  0.7187403  0.0108598  0.0108598
   446.500  0.7189521  0.0066203  0.0066203
   447.000  0.7264498  0.0067359  0.0067359
   447.500  0.7261137  0.0055665  0.0055665
   448.000  0.7346125  0.0069201  0.0069201
   448.500  0.7336996  0.0084870  0.0084870
   449.000  0.7361747  0.0058003  0.0058003
   449.500  0.7362212  0.0100397  0.0100397
   450.000  0.7355282  0.0096188  0.0096188
   450.500  0.7479418  0.0104476  0.0104476
   451.000  0.7487528  0.0104127  0.0104127
   451.500  0.7525183  0.0101928  0.0101928
   452.000  0.7562031  0.0123386  0.0123386
   452.500  0.7604422  0.0090121  0.0090121
   453.000  0.7677507  0.0133973  0.0133973
   453.500  0.7685997  0.0087244  0.0087244
   454.000  0.7733936  0.0112909  0.0112909
   454.500  0.7754165  0.0098849  0.0098849
   455.000  0.7793820  0.0106422  0.0106422
   455.500  0.7876603  0.0120350  0.0120350
   456.000  0.7877894  0.0085819  0.0085819
   456.500  0.7982298  0.0177218  0.0177218
   457.000  0.7947518  0.0101255  0.0101255
   457.500  0.8047729  0.0168551  0.0168551
   458.000  0.8012008  0.0136971  0.0136971
   458.500  0.8088473  0.0222861  0.0222861
   459.000  0.8070101  0.0171692  0.0171692
   459.500  0.8096949  0.0179980  0.0179980
   460.000  0.8127028  0.0176534  0.0176534
   460.500  0.8137850  0.0166851  0.0166851
   461.000  0.8159946  0.0178874  0.0178874
   461.500  0.8192126  0.0198436  0.0198436
   462.000  0.8211336  0.0182943  0.0182943
   462.500  0.8235874  0.0190433  0.0190433
   463.000  0.8243973  0.0161979  0.0161979
   463.500  0.8287593  0.0157638  0.0157638
   464.000  0.8311262  0.0175085  0.0175085
   464.500  0.8335431  0.0188802  0.0188802
   465.000  0.8395582  0.0216372  0.0216372
   465.500  0.8403823  0.0220154  0.0220154
   466.000  0.8416053  0.0230203  0.0230203
   466.500  0.8427306  0.0233460  0.0233460
   467.000  0.8444906  0.0248134  0.0248134
   467.500  0.8473148  0.0269913  0.0269913
   468.000  0.8466642  0.0252412  0.0252412
   468.500  0.8529122  0.0294173  0.0294173
   469.000  0.8529816  0.0265440  0.0265440
   469.500  0.8539732  0.0261621  0.0261621
   470.000  0.8566240  0.0259134  0.0259134
   470.500  0.8575090  0.0260292  0.0260292
   471.000  0.8641627  0.0272393  0.0272393
   471.500  0.8651427  0.0256914  0.0256914
   472.000  0.8693532  0.0268371  0.0268371
   472.500  0.8700849  0.0242645  0.0242645
   473.000  0.8724153  0.0257988  0.0257988
   473.500  0.8759704  0.0255068  0.0255068
   474.000  0.8754076  0.0247053  0.0247053
   474.500  0.8853494  0.0292025  0.0292025
   475.000  0.8813279  0.0246931  0.0246931
   475.500  0.8887467  0.0269172  0.0269172
   476.000  0.8836480  0.0221576  0.0221576
   476.500  0.8860837  0.0228235  0.0228235
   477.000  0.8865826  0.0220488  0.0220488
   477.500  0.8871523  0.0190739  0.0190739
   478.000  0.8939306  0.0256037  0.0256037
   478.500  0.8896749  0.0188190  0.0188190
   479.000  0.8985580  0.0284624  0.0284624
   479.500  0.8965747  0.0218503  0.0218503
   480.000  0.9011179  0.0253831  0.0253831
   480.500  0.9040629  0.0234172  0.0234172
   481.000  0.9144934  0.0286810  0.0286810
   481.500  0.9171585  0.0267353  0.0267353
   482.000  0.9267827  0.0295389  0.0295389
   482.500  0.9336343  0.0316183  0.0316183
   483.000  0.9479714  0.0371619  0.0371619
   483.500  0.9545377  0.0406624  0.0406624
   484.000  0.9644961  0.0440841  0.0440841
   484.500  0.9593491  0.0333270  0.0333270
   485.000  0.9528849  0.0210792  0.0210792
   485.500  0.9455450  0.0271232  0.0271232
   486.000  0.9471861  0.0310066  0.0310066
   486.500  0.9559541  0.0330698  0.0330698
   487.000  0.9520482  0.0317992  0.0317992
   487.500  0.9428322  0.0263849  0.0263849
   488.000  0.9293502  0.0250385  0.0250385
   488.500  0.9183025  0.0208825  0.0208825
   489.000  0.9058776  0.0206763  0.0206763
   489.500  0.8970112  0.0257037  0.0257037
   490.000  0.8989736  0.0276113  0.0276113
   490.500  0.9057015  0.0274197  0.0274197
   491.000  0.9106619  0.0263520  0.0263520
   491.500  0.9236098  0.0264627  0.0264627
   492.000  0.9243507  0.0270823  0.0270823
   492.500  0.9351337  0.0280257  0.0280257
   493.000  0.9340793  0.0265691  0.0265691
   493.500  0.9404808  0.0297490  0.0297490
   494.000  0.9378136  0.0270442  0.0270442
   494.500  0.9398210  0.0285684  0.0285684
   495.000  0.9394062  0.0248049  0.0248049
   495.500  0.9372734  0.0257759  0.0257759
   496.000  0.9429305  0.0264649  0.0264649
   496.500  0.9400299  0.0216343  0.0216343
   497.000  0.9471110  0.0229170  0.0229170
   497.500  0.9446589  0.0207354  0.0207354
   498.000  0.9526572  0.0242278  0.0242278
   498.500  0.9525992  0.0185992  0.0185992
   499.000  0.9552694  0.0163642  0.0163642
   499.500  0.9591106  0.0162139  0.0162139
   500.000  0.9618700  0.0121713  0.0121713
   500.500  0.9678060  0.0176052  0.0176052
   501.000  0.9671619  0.0113075  0.0113075
   501.500  0.9692786  0.0170733  0.0170733
   502.000  0.9666162  0.0112528  0.0112528
   502.500  0.9665445  0.0117532  0.0117532
   503.000  0.9620710  0.0117684  0.0117684
   503.500  0.9648453  0.0140805  0.0140805
   504.000  0.9599194  0.0170466  0.0170466
   504.500  0.9631080  0.0161368  0.0161368
   505.000  0.9580846  0.0179298  0.0179298
   505.500  0.9586888  0.0164291  0.0164291
   506.000  0.9570694  0.0176804  0.0176804
   506.500  0.9615883  0.0178792  0.0178792
   507.000  0.9608604  0.0147260  0.0147260
   507.500  0.9640171  0.0156399  0.0156399
   508.000  0.9625294  0.0119380  0.0119380
   508.500  0.9624329  0.0133071  0.0133071
   509.000  0.9593704  0.0116208  0.0116208
   509.500  0.9597194  0.0121282  0.0121282
   510.000  0.9597811  0.0148168  0.0148168
   510.500  0.9608314  0.0156844  0.0156844
   511.000  0.9592715  0.0168246  0.0168246
   511.500  0.9585117  0.0165341  0.0165341
   512.000  0.9601937  0.0147573  0.0147573
   512.500  0.9565015  0.0129998  0.0129998
   513.000  0.9639614  0.0145005  0.0145005
   513.500  0.9609479  0.0164159  0.0164159
   514.000  0.9713219  0.0184541  0.0184541
   514.500  0.9665077  0.0141452  0.0141452
   515.000  0.9730019  0.0144322  0.0144322
   515.500  0.9689266  0.0129373  0.0129373
   516.000  0.9765899  0.0172578  0.0172578
   516.500  0.9776696  0.0144140  0.0144140
   517.000  0.9797900  0.0191265  0.0191265
   517.500  0.9805986  0.0160616  0.0160616
   518.000  0.9802839  0.0164773  0.0164773
   518.500  0.9814174  0.0172469  0.0172469
   519.000  0.9784453  0.0152860  0.0152860
   519.500  0.9782531  0.0193878  0.0193878
   520.000  0.9751618  0.0198386  0.0198386
   520.500  0.9764647  0.0242305  0.0242305
   521.000  0.9743920  0.0231601  0.0231601
   521.500  0.9749821  0.0222168  0.0222168
   522.000  0.9709713  0.0239905  0.0239905
   522.500  0.9704463  0.0236050  0.0236050
   523.000  0.9674723  0.0270885  0.0270885
   523.500  0.9680325  0.0247543  0.0247543
   524.000  0.9673742  0.0253615  0.0253615
   524.500  0.9652694  0.0230992  0.0230992
   525.000  0.9673475  0.0220112  0.0220112
   525.500  0.9690866  0.0244789  0.0244789
   526.000  0.9696688  0.0214683  0.0214683
   526.500  0.9699615  0.0248231  0.0248231
   527.000  0.9685314  0.0202262  0.0202262
   527.500  0.9668070  0.0200123  0.0200123
   528.000  0.9648836  0.0215536  0.0215536
   528.500  0.9628134  0.0214741  0.0214741
   529.000  0.9622169  0.0250914  0.0250914
   529.500  0.9574133  0.0217757  0.0217757
   530.000  0.9582405  0.0238148  0.0238148
   530.500  0.9543531  0.0218217  0.0218217
   531.000  0.9563249  0.0248804  0.0248804
   531.500  0.9523776  0.0238302  0.0238302
   532.000  0.9546973  0.0221954  0.0221954
   532.500  0.9525366  0.0223487  0.0223487
   533.000  0.9519686  0.0217256  0.0217256
   533.500  0.9535777  0.0234247  0.0234247
   534.000  0.9491584  0.0235889  0.0235889
   534.500  0.9504755  0.0251879  0.0251879
   535.000  0.9447064  0.0263998  0.0263998
   535.500  0.9458091  0.0265691  0.0265691
   536.000  0.9400995  0.0251425  0.0251425
   536.500  0.9408301  0.0257170  0.0257170
   537.000  0.9408391  0.0246439  0.0246439
   537.500  0.9442126  0.0265646  0.0265646
   538.000  0.9423274  0.0203754  0.0203754
   538.500  0.9441296  0.0260278  0.0260278
   539.000  0.9400954  0.0219368  0.0219368
   539.500  0.9426900  0.0265329  0.0265329
   540.000  0.9371212  0.0232006  0.0232006
   540.500  0.9375154  0.0235957  0.0235957
   541.000  0.9355024  0.0248910  0.0248910
   541.500  0.9330411  0.0238361  0.0238361
   542.000  0.9322859  0.0270842  0.0270842
   542.500  0.9302594  0.0268811  0.0268811
   543.000  0.9326912  0.0298027  0.0298027
   543.500  0.9263239  0.0274833  0.0274833
   544.000  0.9258076  0.0268098  0.0268098
   544.500  0.9235308  0.0286938  0.0286938
   545.000  0.9205502  0.0259044  0.0259044
   545.500  0.9192809  0.0269801  0.0269801
   546.000  0.9165827  0.0265805  0.0265805
   546.500  0.9157712  0.0270510  0.0270510
   547.000  0.9140644  0.0279126  0.0279126
   547.500  0.9120549  0.0254519  0.0254519
   548.000  0.9145077  0.0309898  0.0309898
   548.500  0.9062655  0.0266411  0.0266411
   549.000  0.9084783  0.0309128  0.0309128
   549.500  0.9040146  0.0301570  0.0301570
   550.000  0.9041555  0.0321026  0.0321026
   550.500  0.9032641  0.0340332  0.0340332
   551.000  0.9034409  0.0306210  0.0306210
   551.500  0.9043383  0.0342661  0.0342661
   552.000  0.9006746  0.0305044  0.0305044
   552.500  0.9021207  0.0328814  0.0328814
   553.000  0.8975087  0.0288910  0.0288910
   553.500  0.8983118  0.0284442  0.0284442
   554.000  0.8937279  0.0280095  0.0280095
   554.500  0.8913724  0.0249717  0.0249717
   555.000  0.8907838  0.0260664  0.0260664
   555.500  0.8890813  0.0255481  0.0255481
   556.000  0.8876964  0.0255264  0.0255264
   556.500  0.8866702  0.0262843  0.0262843
   557.000  0.8847700  0.0239385  0.0239385
   557.500  0.8857581  0.0269263  0.0269263
   558.000  0.8835793  0.0270440  0.0270440
   558.500  0.8817368  0.0279369  0.0279369
   559.000  0.8825778  0.0295746  0.0295746
   559.500  0.8801949  0.0287353  0.0287353
   560.000  0.8815262  0.0328825  0.0328825
   560.500  0.8748659  0.0288315  0.0288315
   561.000  0.8771880  0.0317995  0.0317995
   561.500  0.8697198  0.0300588  0.0300588
   562.000  0.8691897  0.0326757  0.0326757
   562.500  0.8637253  0.0311936  0.0311936
   563.000  0.8634241  0.0302476  0.0302476
   563.500  0.8626526  0.0319786  0.0319786
   564.000  0.8597513  0.0300430  0.0300430
   564.500  0.8587751  0.0328390  0.0328390
   565.000  0.8561975  0.0309927  0.0309927
   565.500  0.8541602  0.0319281  0.0319281
   566.000  0.8563051  0.0317104  0.0317104
   566.500  0.8551952  0.0297697  0.0297697
   567.000  0.8554828  0.0300526  0.0300526
   567.500  0.8509441  0.0272002  0.0272002
   568.000  0.8508087  0.0275051  0.0275051
   568.500  0.8490778  0.0259066  0.0259066
   569.000  0.8482050  0.0252339  0.0252339
   569.500  0.8489664  0.0260527  0.0260527
   570.000  0.8403709  0.0230135  0.0230135
   570.500  0.8410359  0.0270057  0.0270057
   571.000  0.8346989  0.0243958  0.0243958
   571.500  0.8357780  0.0256534  0.0256534
   572.000  0.8320463  0.0255201  0.0255201
   572.500  0.8299216  0.0275564  0.0275564
   573.000  0.8290102  0.0284805  0.0284805
   573.500  0.8266961  0.0278580  0.0278580
   574.000  0.8248132  0.0285766  0.0285766
   574.500  0.8214209  0.0265270  0.0265270
   575.000  0.8195702  0.0282139  0.0282139
   575.500  0.8207710  0.0289851  0.0289851
   576.000  0.8191695  0.0275978  0.0275978
   576.500  0.8190778  0.0287671  0.0287671
   577.000  0.8167076  0.0259674  0.0259674
   577.500  0.8153122  0.0265966  0.0265966
   578.000  0.8173136  0.0276640  0.0276640
   578.500  0.8129954  0.0288251  0.0288251
   579.000  0.8161622  0.0302878  0.0302878
   579.500  0.8127370  0.0273325  0.0273325
   580.000  0.8137500  0.0295779  0.0295779
   580.500  0.8110006  0.0285824  0.0285824
   581.000  0.8074070  0.0272423  0.0272423
   581.500  0.8090565  0.0282082  0.0282082
   582.000  0.8001633  0.0248848  0.0248848
   582.500  0.8017737  0.0255643  0.0255643
   583.000  0.7959846  0.0233053  0.0233053
   583.500  0.7966235  0.0239599  0.0239599
   584.000  0.7932641  0.0240029  0.0240029
   584.500  0.7905694  0.0270190  0.0270190
   585.000  0.7879373  0.0296401  0.0296401
   585.500  0.7835028  0.0287724  0.0287724
   586.000  0.7829218  0.0301961  0.0301961
   586.500  0.7809079  0.0296038  0.0296038
   587.000  0.7797414  0.0317381  0.0317381
   587.500  0.7818691  0.0310788  0.0310788
   588.000  0.7765855  0.0287822  0.0287822
   588.500  0.7781442  0.0296289  0.0296289
   589.000  0.7749673  0.0291168  0.0291168
   589.500  0.7762768  0.0306553  0.0306553
   590.000  0.7733064  0.0266354  0.0266354
   590.500  0.7708354  0.0285246  0.0285246
   591.000  0.7684786  0.0266597  0.0266597
   591.500  0.7591509  0.0261034  0.0261034
   592.000  0.7595568  0.0287693  0.0287693
   592.500  0.7546378  0.0289883  0.0289883
   593.000  0.7552386  0.0305943  0.0305943
   593.500  0.7514199  0.0284222  0.0284222
   594.000  0.7515857  0.0283266  0.0283266
   594.500  0.7502146  0.0261913  0.0261913
   595.000  0.7492290  0.0267062  0.0267062
   595.500  0.7485808  0.0273873  0.0273873
   596.000  0.7490607  0.0285341  0.0285341
   596.500  0.7462331  0.0288629  0.0288629
   597.000  0.7456790  0.0283444  0.0283444
   597.500  0.7414433  0.0272799  0.0272799
   598.000  0.7422755  0.0288254  0.0288254
   598.500  0.7406832  0.0263972  0.0263972
   599.000  0.7406004  0.0271721  0.0271721
   599.500  0.7386345  0.0260750  0.0260750
   600.000  0.7338449  0.0292526  0.0292526
   600.500  0.7433830  0.0277257  0.0277257
   601.000  0.7365460  0.0289878  0.0289878
   601.500  0.7369408  0.0301845  0.0301845
   602.000  0.7327257  0.0303001  0.0303001
   602.500  0.7287491  0.0289161  0.0289161
   603.000  0.7297083  0.0290175  0.0290175
   603.500  0.7242765  0.0286629  0.0286629
   604.000  0.7243673  0.0288797  0.0288797
   604.500  0.7201946  0.0296829  0.0296829
   605.000  0.7216144  0.0310665  0.0310665
   605.500  0.7181756  0.0295612  0.0295612
   606.000  0.7150725  0.0292163  0.0292163
   606.500  0.7134463  0.0292285  0.0292285
   607.000  0.7105847  0.0284487  0.0284487
   607.500  0.7101501  0.0298396  0.0298396
   608.000  0.7051949  0.0276854  0.0276854
   608.500  0.7040968  0.0284537  0.0284537
   609.000  0.7044578  0.0284270  0.0284270
   609.500  0.7018721  0.0287584  0.0287584
   610.000  0.7024353  0.0283907  0.0283907
   610.500  0.6981834  0.0270744  0.0270744
   611.000  0.6980222  0.0289059  0.0289059
   611.500  0.6944504  0.0289723  0.0289723
   612.000  0.6926886  0.0297310  0.0297310
   612.500  0.6922571  0.0281691  0.0281691
   613.000  0.6891553  0.0292202  0.0292202
   613.500  0.6885459  0.0283126  0.0283126
   614.000  0.6873827  0.0300516  0.0300516
   614.500  0.6858561  0.0297465  0.0297465
   615.000  0.6814495  0.0289249  0.0289249
   615.500  0.6788383  0.0276432  0.0276432
   616.000  0.6765795  0.0272578  0.0272578
   616.500  0.6730705  0.0281122  0.0281122
   617.000  0.6728917  0.0284276  0.0284276
   617.500  0.6721495  0.0294169  0.0294169
   618.000  0.6654740  0.0269605  0.0269605
   618.500  0.6643754  0.0276171  0.0276171
   619.000  0.6596639  0.0272994  0.0272994
   619.500  0.6598483  0.0284459  0.0284459
   620.000  0.6571412  0.0277913  0.0277913
   620.500  0.6548955  0.0283432  0.0283432
   621.000  0.6518608  0.0263761  0.0263761
   621.500  0.6487320  0.0273787  0.0273787
   622.000  0.6478242  0.0275810  0.0275810
   622.500  0.6453827  0.0271111  0.0271111
   623.000  0.6443038  0.0260327  0.0260327
   623.500  0.6414407  0.0262788  0.0262788
   624.000  0.6391522  0.0255530  0.0255530
   624.500  0.6383921  0.0271074  0.0271074
   625.000  0.6344474  0.0280404  0.0280404
   625.500  0.6341454  0.0279129  0.0279129
   626.000  0.6286908  0.0277079  0.0277079
   626.500  0.6293804  0.0275982  0.0275982
   627.000  0.6239371  0.0266568  0.0266568
   627.500  0.6229734  0.0270672  0.0270672
   628.000  0.6220046  0.0280010  0.0280010
   628.500  0.6179543  0.0260266  0.0260266
   629.000  0.6179448  0.0263901  0.0263901
   629.500  0.6146445  0.0252609  0.0252609
   630.000  0.6144581  0.0275800  0.0275800
   630.500  0.6117191  0.0279729  0.0279729
   631.000  0.6097124  0.0286583  0.0286583
   631.500  0.6082283  0.0277090  0.0277090
   632.000  0.6054792  0.0275762  0.0275762
   632.500  0.6026683  0.0265803  0.0265803
   633.000  0.5979653  0.0250013  0.0250013
   633.500  0.5957518  0.0259785  0.0259785
   634.000  0.5941041  0.0256372  0.0256372
   634.500  0.5921655  0.0258806  0.0258806
   635.000  0.5892712  0.0249315  0.0249315
   635.500  0.5854335  0.0237424  0.0237424
   636.000  0.5841342  0.0229441  0.0229441
   636.500  0.5818368  0.0245808  0.0245808
   637.000  0.5825203  0.0257092  0.0257092
   637.500  0.5801789  0.0249042  0.0249042
   638.000  0.5772718  0.0238983  0.0238983
   638.500  0.5744804  0.0231177  0.0231177
   639.000  0.5751105  0.0243147  0.0243147
   639.500  0.5725765  0.0232973  0.0232973
   640.000  0.5708005  0.0245000  0.0245000
   640.500  0.5659822  0.0227178  0.0227178
   641.000  0.5638253  0.0228956  0.0228956
   641.500  0.5615305  0.0226113  0.0226113
   642.000  0.5600572  0.0240965  0.0240965
   642.500  0.5577587  0.0242147  0.0242147
   643.000  0.5565163  0.0238651  0.0238651
   643.500  0.5545189  0.0227906  0.0227906
   644.000  0.5513099  0.0215719  0.0215719
   644.500  0.5497037  0.0206933  0.0206933
   645.000  0.5457782  0.0195652  0.0195652
   645.500  0.5423781  0.0187023  0.0187023
   646.000  0.5424988  0.0188866  0.0188866
   646.500  0.5408608  0.0178888  0.0178888
   647.000  0.5393680  0.0185438  0.0185438
   647.500  0.5360563  0.0182247  0.0182247
   648.000  0.5340514  0.0180871  0.0180871
   648.500  0.5300993  0.0203037  0.0203037
   649.000  0.5312934  0.0215840  0.0215840
   649.500  0.5306095  0.0238651  0.0238651
   650.000  0.5298411  0.0240539  0.0240539
   650.500  0.5300944  0.0267961  0.0267961
   651.000  0.5282343  0.0284082  0.0284082
   651.500  0.5264410  0.0301287  0.0301287
   652.000  0.5242525  0.0307453  0.0307453
   652.500  0.5203735  0.0293043  0.0293043
   653.000  0.5147787  0.0278274  0.0278274
   653.500  0.5093766  0.0251493  0.0251493
   654.000  0.5063542  0.0228016  0.0228016
   654.500  0.5025847  0.0207403  0.0207403
   655.000  0.5015532  0.0191586  0.0191586
   655.500  0.5013548  0.0178781  0.0178781
   656.000  0.4980398  0.0152887  0.0152887
   656.500  0.4954335  0.0143560  0.0143560
   657.000  0.4948324  0.0154810  0.0154810
   657.500  0.4938716  0.0160297  0.0160297
   658.000  0.4919905  0.0167659  0.0167659
   658.500  0.4895244  0.0178618  0.0178618
   659.000  0.4857708  0.0184017  0.0184017
   659.500  0.4827273  0.0171549  0.0171549
   660.000  0.4762156  0.0153336  0.0153336
   660.500  0.4721506  0.0180846  0.0180846
   661.000  0.4677950  0.0201466  0.0201466
   661.500  0.4636260  0.0199743  0.0199743
   662.000  0.4600400  0.0221436  0.0221436
   662.500  0.4568592  0.0218214  0.0218214
   663.000  0.4527678  0.0224173  0.0224173
   663.500  0.4520928  0.0243344  0.0243344
   664.000  0.4519965  0.0223310  0.0223310
   664.500  0.4503561  0.0208121  0.0208121
   665.000  0.4486009  0.0199122  0.0199122
   665.500  0.4471795  0.0193101  0.0193101
   666.000  0.4461652  0.0194552  0.0194552
   666.500  0.4487902  0.0200129  0.0200129
   667.000  0.4493186  0.0198602  0.0198602
   667.500  0.4466311  0.0181124  0.0181124
   668.000  0.4460131  0.0170917  0.0170917
   668.500  0.4442337  0.0158940  0.0158940
   669.000  0.4436639  0.0153748  0.0153748
   669.500  0.4422237  0.0164439  0.0164439
   670.000  0.4409276  0.0173948  0.0173948
   670.500  0.4396492  0.0158876  0.0158876
   671.000  0.4363341  0.0160741  0.0160741
   671.500  0.4365673  0.0168614  0.0168614
   672.000  0.4348235  0.0168431  0.0168431
   672.500  0.4317050  0.0156148  0.0156148
   673.000  0.4297484  0.0160769  0.0160769
   673.500  0.4289021  0.0165437  0.0165437
   674.000  0.4256963  0.0168771  0.0168771
   674.500  0.4235642  0.0167653  0.0167653
   675.000  0.4222525  0.0173033  0.0173033
   675.500  0.4198015  0.0171067  0.0171067
   676.000  0.4175345  0.0169667  0.0169667
   676.500  0.4155974  0.0177448  0.0177448
   677.000  0.4140652  0.0163032  0.0163032
   677.500  0.4125728  0.0157364  0.0157364
   678.000  0.4109531  0.0160753  0.0160753
   678.500  0.4083084  0.0166662  0.0166662
   679.000  0.4049328  0.0168871  0.0168871
   679.500  0.4026515  0.0164584  0.0164584
   680.000  0.4002422  0.0175267  0.0175267
   680.500  0.3971539  0.0183519  0.0183519
   681.000  0.3943204  0.0185536  0.0185536
   681.500  0.3933737  0.0194295  0.0194295
   682.000  0.3897345  0.0193361  0.0193361
   682.500  0.3844421  0.0178508  0.0178508
   683.000  0.3809968  0.0187993  0.0187993
   683.500  0.3784415  0.0198479  0.0198479
   684.000  0.3747010  0.0201060  0.0201060
   684.500  0.3683419  0.0184212  0.0184212
   685.000  0.3632997  0.0184623  0.0184623
   685.500  0.3588502  0.0164978  0.0164978
   686.000  0.3588026  0.0142456  0.0142456
   686.500  0.3554533  0.0143894  0.0143894
   687.000  0.3515468  0.0137176  0.0137176
   687.500  0.3475860  0.0125555  0.0125555
   688.000  0.3449367  0.0121101  0.0121101
   688.500  0.3417926  0.0116309  0.0116309
   689.000  0.3396820  0.0123040  0.0123040
   689.500  0.3389332  0.0130007  0.0130007
   690.000  0.3381390  0.0132141  0.0132141
   690.500  0.3373698  0.0128912  0.0128912
   691.000  0.3350640  0.0125162  0.0125162
   691.500  0.3321796  0.0124627  0.0124627
   692.000  0.3278498  0.0129876  0.0129876
   692.500  0.3267649  0.0133960  0.0133960
   693.000  0.3277522  0.0140837  0.0140837
   693.500  0.3266223  0.0148017  0.0148017
   694.000  0.3245889  0.0141441  0.0141441
   694.500  0.3253172  0.0142237  0.0142237
   695.000  0.3229980  0.0137418  0.0137418
   695.500  0.3229690  0.0145637  0.0145637
   696.000  0.3194214  0.0141877  0.0141877
   696.500  0.3197157  0.0145370  0.0145370
   697.000  0.3192481  0.0144494  0.0144494
   697.500  0.3177238  0.0123326  0.0123326
   698.000  0.3145898  0.0121611  0.0121611
   698.500  0.3148188  0.0126113  0.0126113
   699.000  0.3142035  0.0124278  0.0124278
   699.500  0.3135668  0.0111758  0.0111758
   700.000  0.3113679  0.0115874  0.0115874
   700.500  0.3107855  0.0112856  0.0112856
   701.000  0.3112267  0.0122994  0.0122994
   701.500  0.3096007  0.0131304  0.0131304
   702.000  0.3070867  0.0127297  0.0127297
   702.500  0.3061403  0.0124510  0.0124510
   703.000  0.3040353  0.0116596  0.0116596
   703.500  0.3029480  0.0116198  0.0116198
   704.000  0.3035972  0.0120448  0.0120448
   704.500  0.3005649  0.0115928  0.0115928
   705.000  0.2980450  0.0112278  0.0112278
   705.500  0.2987979  0.0107502  0.0107502
   706.000  0.2944057  0.0111329  0.0111329
   706.500  0.2948066  0.0121850  0.0121850
   707.000  0.2932325  0.0127512  0.0127512
   707.500  0.2923053  0.0131939  0.0131939
   708.000  0.2888160  0.0117570  0.0117570
   708.500  0.2848420  0.0133400  0.0133400
   709.000  0.2839058  0.0132776  0.0132776
   709.500  0.2836880  0.0120681  0.0120681
   710.000  0.2816548  0.0127348  0.0127348
   710.500  0.2793542  0.0133275  0.0133275
   711.000  0.2776879  0.0129160  0.0129160
   711.500  0.2759592  0.0130893  0.0130893
   712.000  0.2748303  0.0137836  0.0137836
   712.500  0.2726115  0.0149835  0.0149835
   713.000  0.2692038  0.0156096  0.0156096
   713.500  0.2661607  0.0163693  0.0163693
   714.000  0.2643007  0.0155505  0.0155505
   714.500  0.2619437  0.0145562  0.0145562
   715.000  0.2580450  0.0135109  0.0135109
   715.500  0.2560230  0.0121094  0.0121094
   716.000  0.2548865  0.0118678  0.0118678
   716.500  0.2530106  0.0115622  0.0115622
   717.000  0.2500086  0.0117747  0.0117747
   717.500  0.2458022  0.0110514  0.0110514
   718.000  0.2429969  0.0105072  0.0105072
   718.500  0.2420500  0.0098421  0.0098421
   719.000  0.2396927  0.0103235  0.0103235
   719.500  0.2365917  0.0112697  0.0112697
   720.000  0.2354172  0.0111798  0.0111798
   720.500  0.2353333  0.0110799  0.0110799
   721.000  0.2336836  0.0110944  0.0110944
   721.500  0.2337352  0.0111944  0.0111944
   722.000  0.2303391  0.0129087  0.0129087
   722.500  0.2274350  0.0129985  0.0129985
   723.000  0.2265318  0.0107510  0.0107510
   723.500  0.2243250  0.0100537  0.0100537
   724.000  0.2221672  0.0095254  0.0095254
   724.500  0.2193136  0.0091923  0.0091923
   725.000  0.2178445  0.0088171  0.0088171
   725.500  0.2183116  0.0082190  0.0082190
   726.000  0.2169557  0.0081375  0.0081375
   726.500  0.2153840  0.0089717  0.0089717
   727.000  0.2138752  0.0094569  0.0094569
   727.500  0.2127865  0.0094645  0.0094645
   728.000  0.2108609  0.0094331  0.0094331
   728.500  0.2116580  0.0094539  0.0094539
   729.000  0.2101120  0.0088455  0.0088455
   729.500  0.2088347  0.0090186  0.0090186
   730.000  0.2096304  0.0086789  0.0086789
   730.500  0.2093109  0.0077269  0.0077269
   731.000  0.2076337  0.0074622  0.0074622
   731.500  0.2040533  0.0080762  0.0080762
   732.000  0.2035230  0.0087142  0.0087142
   732.500  0.2040003  0.0083063  0.0083063
   733.000  0.2027221  0.0076741  0.0076741
   733.500  0.2031215  0.0067883  0.0067883
   734.000  0.2026455  0.0070236  0.0070236
   734.500  0.2027141  0.0093705  0.0093705
   735.000  0.2033054  0.0097371  0.0097371
   735.500  0.2003777  0.0071624  0.0071624
   736.000  0.1967481  0.0066522  0.0066522
   736.500  0.1976813  0.0064530  0.0064530
   737.000  0.1993632  0.0076374  0.0076374
   737.500  0.1971921  0.0086996  0.0086996
   738.000  0.1943996  0.0069331  0.0069331
   738.500  0.1961811  0.0081951  0.0081951
   739.000  0.1947240  0.0082266  0.0082266
   739.500  0.1944213  0.0081263  0.0081263
   740.000  0.1968118  0.0109830  0.0109830
   740.500  0.1929414  0.0086260  0.0086260
   741.000  0.1909266  0.0071413  0.0071413
   741.500  0.1913775  0.0071035  0.0071035
   742.000  0.1913455  0.0081601  0.0081601
   742.500  0.1898770  0.0088903  0.0088903
   743.000  0.1888096  0.0090957  0.0090957
   743.500  0.1899976  0.0103967  0.0103967
   744.000  0.1882832  0.0092545  0.0092545
   744.500  0.1867143  0.0080961  0.0080961
   745.000  0.1856939  0.0086794  0.0086794
   745.500  0.1835083  0.0094646  0.0094646
   746.000  0.1840209  0.0083425  0.0083425
   746.500  0.1853003  0.0087411  0.0087411
   747.000  0.1839362  0.0085592  0.0085592
   747.500  0.1828109  0.0087828  0.0087828
   748.000  0.1800403  0.0083265  0.0083265
   748.500  0.1783764  0.0085423  0.0085423
   749.000  0.1759736  0.0084294  0.0084294
   749.500  0.1765207  0.0077460  0.0077460
   750.000  0.1744638  0.0083485  0.0083485
   750.500  0.1713088  0.0093442  0.0093442
   751.000  0.1730530  0.0082511  0.0082511
   751.500  0.1705783  0.0077585  0.0077585
   752.000  0.1712795  0.0094364  0.0094364
   752.500  0.1677641  0.0084639  0.0084639
   753.000  0.1645001  0.0098152  0.0098152
   753.500  0.1579949  0.0086563  0.0086563
   754.000  0.1538435  0.0084321  0.0084321
   754.500  0.1496497  0.0089657  0.0089657
   755.000  0.1449406  0.0088851  0.0088851
   755.500  0.1395959  0.0088947  0.0088947
   756.000  0.1341531  0.0086122  0.0086122
   756.500  0.1283624  0.0079660  0.0079660
   757.000  0.1230562  0.0080076  0.0080076
   757.500  0.1170337  0.0068572  0.0068572
   758.000  0.1115885  0.0066328  0.0066328
   758.500  0.1061540  0.0059442  0.0059442
   759.000  0.1007566  0.0051310  0.0051310
   759.500  0.0973573  0.0047428  0.0047428
   760.000  0.0941396  0.0039082  0.0039082
   760.500  0.0935335  0.0042369  0.0042369
   761.000  0.0926482  0.0039030  0.0039030
   761.500  0.0935743  0.0048713  0.0048713
   762.000  0.0948907  0.0051514  0.0051514
   762.500  0.0972757  0.0060322  0.0060322
   763.000  0.1002616  0.0062982  0.0062982
   763.500  0.1028255  0.0065903  0.0065903
   764.000  0.1065690  0.0067736  0.0067736
   764.500  0.1093605  0.0068830  0.0068830
   765.000  0.1127741  0.0074900  0.0074900
   765.500  0.1154704  0.0074864  0.0074864
   766.000  0.1180093  0.0075702  0.0075702
   766.500  0.1202738  0.0074236  0.0074236
   767.000  0.1219486  0.0072762  0.0072762
   767.500  0.1236205  0.0073148  0.0073148
   768.000  0.1247883  0.0071314  0.0071314
   768.500  0.1256761  0.0071501  0.0071501
   769.000  0.1262380  0.0073676  0.0073676
   769.500  0.1258844  0.0069917  0.0069917
   770.000  0.1263612  0.0074301  0.0074301
   770.500  0.1254621  0.0066982  0.0066982
   771.000  0.1250968  0.0068844  0.0068844
   771.500  0.1243858  0.0063475  0.0063475
   772.000  0.1239316  0.0066879  0.0066879
   772.500  0.1236970  0.0066765  0.0066765
   773.000  0.1222761  0.0062287  0.0062287
   773.500  0.1221601  0.0066093  0.0066093
   774.000  0.1203484  0.0057290  0.0057290
   774.500  0.1200559  0.0062272  0.0062272
   775.000  0.1188285  0.0056815  0.0056815
   775.500  0.1178085  0.0059804  0.0059804
   776.000  0.1169535  0.0053990  0.0053990
   776.500  0.1157025  0.0054664  0.0054664
   777.000  0.1149954  0.0054937  0.0054937
   777.500  0.1138935  0.0054804  0.0054804
   778.000  0.1135133  0.0057495  0.0057495
   778.500  0.1126761  0.0055390  0.0055390
   779.000  0.1118879  0.0053461  0.0053461
   779.500  0.1113584  0.0054729  0.0054729
   780.000  0.1103135  0.0052831  0.0052831
   780.500  0.1097705  0.0053598  0.0053598
   781.000  0.1088747  0.0053408  0.0053408
   781.500  0.1079984  0.0052972  0.0052972
   782.000  0.1073040  0.0052694  0.0052694
   782.500  0.1063653  0.0049196  0.0049196
   783.000  0.1059799  0.0055128  0.0055128
   783.500  0.1047127  0.0050346  0.0050346
   784.000  0.1044542  0.0057104  0.0057104
   784.500  0.1032078  0.0048743  0.0048743
   785.000  0.1027352  0.0051515  0.0051515
   785.500  0.1021203  0.0051483  0.0051483
   786.000  0.1007114  0.0050301  0.0050301
   786.500  0.1001660  0.0051906  0.0051906
   787.000  0.0992331  0.0048885  0.0048885
   787.500  0.0988965  0.0054772  0.0054772
   788.000  0.0978567  0.0049733  0.0049733
   788.500  0.0971456  0.0051691  0.0051691
   789.000  0.0962892  0.0051313  0.0051313
   789.500  0.0952533  0.0051868  0.0051868
   790.000  0.0948127  0.0051058  0.0051058
   790.500  0.0938692  0.0052502  0.0052502
   791.000  0.0932606  0.0051436  0.0051436
   791.500  0.0925540  0.0052021  0.0052021
   792.000  0.0917450  0.0051434  0.0051434
   792.500  0.0912983  0.0051562  0.0051562
   793.000  0.0903581  0.0048731  0.0048731
   793.500  0.0899939  0.0050573  0.0050573
   794.000  0.0889837  0.0048797  0.0048797
   794.500  0.0882809  0.0048993  0.0048993
   795.000  0.0875328  0.0050478  0.0050478
   795.500  0.0864935  0.0047284  0.0047284
   796.000  0.0861394  0.0050178  0.0050178
   796.500  0.0849822  0.0046079  0.0046079
   797.000  0.0849265  0.0051774  0.0051774
   797.500  0.0836396  0.0045229  0.0045229
   798.000  0.0830634  0.0048459  0.0048459
   798.500  0.0822588  0.0046777  0.0046777
   799.000  0.0815765  0.0045617  0.0045617
   799.500  0.0811346  0.0046898  0.0046898
   800.000  0.0801298  0.0044779  0.0044779
   800.500  0.0797582  0.0045909  0.0045909
   801.000  0.0791265  0.0044379  0.0044379
   801.500  0.0786619  0.0044292  0.0044292
   802.000  0.0780828  0.0043042  0.0043042
   802.500  0.0773806  0.0044812  0.0044812
   803.000  0.0771094  0.0045349  0.0045349
   803.500  0.0762972  0.0044965  0.0044965
   804.000  0.0758443  0.0042607  0.0042607
   804.500  0.0752652  0.0044043  0.0044043
   805.000  0.0746265  0.0042972  0.0042972
   805.500  0.0743019  0.0045699  0.0045699
   806.000  0.0733331  0.0043428  0.0043428
   806.500  0.0731564  0.0046093  0.0046093
   807.000  0.0721805  0.0043884  0.0043884
   807.500  0.0717425  0.0044825  0.0044825
   808.000  0.0709239  0.0044652  0.0044652
   808.500  0.0699319  0.0042591  0.0042591
   809.000  0.0694365  0.0046142  0.0046142
   809.500  0.0682714  0.0042920  0.0042920
   810.000  0.0677486  0.0045972  0.0045972
   810.500  0.0665389  0.0042153  0.0042153
   811.000  0.0658359  0.0043301  0.0043301
   811.500  0.0648763  0.0041963  0.0041963
   812.000  0.0639143  0.0041303  0.0041303
   812.500  0.0630819  0.0039784  0.0039784
   813.000  0.0621219  0.0038413  0.0038413
   813.500  0.0614121  0.0038577  0.0038577
   814.000  0.0606428  0.0038185  0.0038185
   814.500  0.0599520  0.0038189  0.0038189
   815.000  0.0593986  0.0037875  0.0037875
   815.500  0.0586166  0.0037176  0.0037176
   816.000  0.0581937  0.0036841  0.0036841
   816.500  0.0575789  0.0036984  0.0036984
   817.000  0.0574292  0.0036731  0.0036731
   817.500  0.0569999  0.0037379  0.0037379
   818.000  0.0565484  0.0037670  0.0037670
   818.500  0.0564337  0.0041139  0.0041139
   819.000  0.0559208  0.0040047  0.0040047
   819.500  0.0560256  0.0039919  0.0039919
   820.000  0.0553970  0.0036787  0.0036787
   820.500  0.0553557  0.0038901  0.0038901
   821.000  0.0547848  0.0039586  0.0039586
   821.500  0.0543196  0.0038581  0.0038581
   822.000  0.0539583  0.0037703  0.0037703
   822.500  0.0534904  0.0036730  0.0036730
   823.000  0.0533146  0.0037071  0.0037071
   823.500  0.0528102  0.0035303  0.0035303
   824.000  0.0526047  0.0035127  0.0035127
   824.500  0.0522132  0.0033923  0.0033923
   825.000  0.0518886  0.0034023  0.0034023
   825.500  0.0515898  0.0034278  0.0034278
   826.000  0.0511711  0.0034465  0.0034465
   826.500  0.0509036  0.0034905  0.0034905
   827.000  0.0506147  0.0034595  0.0034595
   827.500  0.0503026  0.0032912  0.0032912
   828.000  0.0499980  0.0032210  0.0032210
   828.500  0.0495114  0.0031590  0.0031590
   829.000  0.0493531  0.0032832  0.0032832
   829.500  0.0489039  0.0032056  0.0032056
   830.000  0.0488492  0.0033154  0.0033154
   830.500  0.0486509  0.0032017  0.0032017
   831.000  0.0483703  0.0030621  0.0030621
   831.500  0.0481927  0.0032858  0.0032858
   832.000  0.0477869  0.0029952  0.0029952
   832.500  0.0479195  0.0031757  0.0031757
   833.000  0.0474784  0.0030926  0.0030926
   833.500  0.0477091  0.0033391  0.0033391
   834.000  0.0473385  0.0031342  0.0031342
   834.500  0.0471395  0.0030750  0.0030750
   835.000  0.0469437  0.0030893  0.0030893
   835.500  0.0466778  0.0029578  0.0029578
   836.000  0.0466759  0.0030685  0.0030685
   836.500  0.0466056  0.0030761  0.0030761
   837.000  0.0465182  0.0030844  0.0030844
   837.500  0.0462242  0.0030247  0.0030247
   838.000  0.0461686  0.0030523  0.0030523
   838.500  0.0459427  0.0031237  0.0031237
   839.000  0.0453920  0.0030555  0.0030555
   839.500  0.0451996  0.0031475  0.0031475
   840.000  0.0450506  0.0030632  0.0030632
   840.500  0.0447234  0.0029935  0.0029935
   841.000  0.0444882  0.0032015  0.0032015
   841.500  0.0440974  0.0029663  0.0029663
   842.000  0.0439475  0.0030391  0.0030391
   842.500  0.0434852  0.0029319  0.0029319
   843.000  0.0434953  0.0030959  0.0030959
   843.500  0.0430783  0.0028679  0.0028679
   844.000  0.0428086  0.0029148  0.0029148
   844.500  0.0426592  0.0030119  0.0030119
   845.000  0.0423255  0.0029966  0.0029966
   845.500  0.0422960  0.0032076  0.0032076
   846.000  0.0417341  0.0028890  0.0028890
   846.500  0.0415437  0.0028390  0.0028390
   847.000  0.0412823  0.0028155  0.0028155
   847.500  0.0412529  0.0029323  0.0029323
   848.000  0.0409995  0.0029234  0.0029234
   848.500  0.0406959  0.0028423  0.0028423
   849.000  0.0403813  0.0028683  0.0028683
   849.500  0.0401054  0.0027443  0.0027443
   850.000  0.0398372  0.0027365  0.0027365
   850.500  0.0396095  0.0027336  0.0027336
   851.000  0.0393629  0.0026104  0.0026104
   851.500  0.0391760  0.0026705  0.0026705
   852.000  0.0388980  0.0026472  0.0026472
   852.500  0.0387093  0.0028114  0.0028114
   853.000  0.0383605  0.0027164  0.0027164
   853.500  0.0381300  0.0027013  0.0027013
   854.000  0.0378128  0.0027766  0.0027766
   854.500  0.0373216  0.0025696  0.0025696
   855.000  0.0374639  0.0029392  0.0029392
   855.500  0.0370493  0.0026237  0.0026237
   856.000  0.0370110  0.0026583  0.0026583
   856.500  0.0366779  0.0025261  0.0025261
   857.000  0.0365805  0.0026098  0.0026098
   857.500  0.0362320  0.0026418  0.0026418
   858.000  0.0358725  0.0025670  0.0025670
   858.500  0.0358553  0.0026693  0.0026693
   859.000  0.0354535  0.0027643  0.0027643
   859.500  0.0352139  0.0028479  0.0028479
   860.000  0.0348944  0.0026847  0.0026847
   860.500  0.0345292  0.0027838  0.0027838
   861.000  0.0344297  0.0028050  0.0028050
   861.500  0.0343064  0.0027141  0.0027141
   862.000  0.0341969  0.0027031  0.0027031
   862.500  0.0340640  0.0027273  0.0027273
   863.000  0.0339783  0.0027513  0.0027513
   863.500  0.0338054  0.0027780  0.0027780
   864.000  0.0335483  0.0026075  0.0026075
   864.500  0.0332757  0.0026732  0.0026732
   865.000  0.0328799  0.0025735  0.0025735
   865.500  0.0327718  0.0029002  0.0029002
   866.000  0.0323951  0.0028321  0.0028321
   866.500  0.0322097  0.0027843  0.0027843
   867.000  0.0319765  0.0027082  0.0027082
   867.500  0.0317507  0.0027029  0.0027029
   868.000  0.0316487  0.0028118  0.0028118
   868.500  0.0313623  0.0026792  0.0026792
   869.000  0.0314381  0.0029624  0.0029624
   869.500  0.0311519  0.0028659  0.0028659
   870.000  0.0310736  0.0028453  0.0028453
   870.500  0.0309115  0.0027968  0.0027968
   871.000  0.0307433  0.0028048  0.0028048
   871.500  0.0306174  0.0028057  0.0028057
   872.000  0.0303507  0.0027698  0.0027698
   872.500  0.0302069  0.0027401  0.0027401
   873.000  0.0298873  0.0027634  0.0027634
   873.500  0.0297106  0.0027946  0.0027946
   874.000  0.0294009  0.0027458  0.0027458
   874.500  0.0289720  0.0024308  0.0024308
   875.000  0.0288716  0.0023787  0.0023787
   875.500  0.0288389  0.0023755  0.0023755
   876.000  0.0288138  0.0023702  0.0023702
   876.500  0.0287596  0.0022678  0.0022678
   877.000  0.0287255  0.0021731  0.0021731
   877.500  0.0287255  0.0023069  0.0023069
   878.000  0.0284373  0.0021296  0.0021296
   878.500  0.0283101  0.0022924  0.0022924
   879.000  0.0280482  0.0021818  0.0021818
   879.500  0.0279797  0.0022608  0.0022608
   880.000  0.0275962  0.0021366  0.0021366
   880.500  0.0273578  0.0020773  0.0020773
   881.000  0.0271512  0.0020409  0.0020409
   881.500  0.0268916  0.0019059  0.0019059
   882.000  0.0268626  0.0019966  0.0019966
   882.500  0.0266717  0.0019841  0.0019841
   883.000  0.0265811  0.0020193  0.0020193
   883.500  0.0263276  0.0019093  0.0019093
   884.000  0.0262658  0.0018056  0.0018056
   884.500  0.0261425  0.0018173  0.0018173
   885.000  0.0258794  0.0017720  0.0017720
   885.500  0.0255781  0.0017141  0.0017141
   886.000  0.0252613  0.0016659  0.0016659
   886.500  0.0252068  0.0014954  0.0014954
   887.000  0.0251407  0.0015313  0.0015313
   887.500  0.0249243  0.0015262  0.0015262
   888.000  0.0248368  0.0015206  0.0015206
   888.500  0.0246858  0.0014412  0.0014412
   889.000  0.0247544  0.0016210  0.0016210
   889.500  0.0245759  0.0015866  0.0015866
   890.000  0.0243580  0.0015021  0.0015021
   890.500  0.0240516  0.0015739  0.0015739
   891.000  0.0235698  0.0013579  0.0013579
   891.500  0.0233590  0.0015672  0.0015672
   892.000  0.0228922  0.0014266  0.0014266
   892.500  0.0228128  0.0015637  0.0015637
   893.000  0.0225241  0.0015465  0.0015465
   893.500  0.0221207  0.0014960  0.0014960
   894.000  0.0217406  0.0015326  0.0015326
   894.500  0.0214870  0.0015078  0.0015078
   895.000  0.0211512  0.0014676  0.0014676
   895.500  0.0208550  0.0014223  0.0014223
   896.000  0.0206913  0.0013715  0.0013715
   896.500  0.0204676  0.0013594  0.0013594
   897.000  0.0202158  0.0014021  0.0014021
   897.500  0.0199735  0.0013459  0.0013459
   898.000  0.0196708  0.0012676  0.0012676
   898.500  0.0195270  0.0012137  0.0012137
   899.000  0.0193041  0.0010973  0.0010973
   899.500  0.0190858  0.0010770  0.0010770
   900.000  0.0188848  0.0011753  0.0011753
   900.500  0.0185944  0.0011349  0.0011349
   901.000  0.0183761  0.0011406  0.0011406
   901.500  0.0181386  0.0010169  0.0010169
   902.000  0.0180600  0.0010678  0.0010678
   902.500  0.0180051  0.0010984  0.0010984
   903.000  0.0178887  0.0009183  0.0009183
   903.500  0.0178016  0.0009467  0.0009467
   904.000  0.0175464  0.0009503  0.0009503
   904.500  0.0174214  0.0008958  0.0008958
   905.000  0.0172951  0.0007804  0.0007804
   905.500  0.0172843  0.0008465  0.0008465
   906.000  0.0172404  0.0009587  0.0009587
   906.500  0.0170436  0.0009380  0.0009380
   907.000  0.0168480  0.0009283  0.0009283
   907.500  0.0167009  0.0009131  0.0009131
   908.000  0.0166205  0.0009722  0.0009722
   908.500  0.0164509  0.0009694  0.0009694
   909.000  0.0162904  0.0009471  0.0009471
   909.500  0.0161627  0.0009777  0.0009777
   910.000  0.0159840  0.0009796  0.0009796
   910.500  0.0158868  0.0010146  0.0010146
   911.000  0.0156997  0.0009903  0.0009903
   911.500  0.0156078  0.0010269  0.0010269
   912.000  0.0154185  0.0009666  0.0009666
   912.500  0.0153100  0.0008678  0.0008678
   913.000  0.0152500  0.0008561  0.0008561
   913.500  0.0151577  0.0009206  0.0009206
   914.000  0.0151352  0.0009507  0.0009507
   914.500  0.0150172  0.0009582  0.0009582
   915.000  0.0149229  0.0008933  0.0008933
   915.500  0.0147152  0.0009341  0.0009341
   916.000  0.0146262  0.0009076  0.0009076
   916.500  0.0145216  0.0009816  0.0009816
   917.000  0.0143683  0.0009300  0.0009300
   917.500  0.0143929  0.0008304  0.0008304
   918.000  0.0143209  0.0009377  0.0009377
   918.500  0.0143962  0.0010023  0.0010023
   919.000  0.0143846  0.0009569  0.0009569
   919.500  0.0143217  0.0009864  0.0009864
   920.000  0.0142417  0.0010515  0.0010515
   920.500  0.0141057  0.0010649  0.0010649
   921.000  0.0139925  0.0010276  0.0010276
   921.500  0.0139320  0.0010067  0.0010067
   922.000  0.0138736  0.0009923  0.0009923
   922.500  0.0136746  0.0009714  0.0009714
   923.000  0.0133695  0.0009419  0.0009419
   923.500  0.0131587  0.0009461  0.0009461
   924.000  0.0128335  0.0008278  0.0008278
   924.500  0.0125839  0.0007989  0.0007989
   925.000  0.0122693  0.0007482  0.0007482
   925.500  0.0119871  0.0007177  0.0007177
   926.000  0.0117773  0.0007133  0.0007133
   926.500  0.0116669  0.0008104  0.0008104
   927.000  0.0114445  0.0008828  0.0008828
   927.500  0.0110883  0.0008315  0.0008315
   928.000  0.0107107  0.0007758  0.0007758
   928.500  0.0103719  0.0007582  0.0007582
   929.000  0.0100847  0.0007084  0.0007084
   929.500  0.0097603  0.0006312  0.0006312
   930.000  0.0093157  0.0006355  0.0006355
   930.500  0.0090375  0.0006394  0.0006394
   931.000  0.0088327  0.0005921  0.0005921
   931.500  0.0085130  0.0005689  0.0005689
   932.000  0.0082560  0.0006651  0.0006651
   932.500  0.0079745  0.0006485  0.0006485
   933.000  0.0076670  0.0005002  0.0005002
   933.500  0.0073829  0.0005151  0.0005151
   934.000  0.0071539  0.0005675  0.0005675
   934.500  0.0070247  0.0005767  0.0005767
   935.000  0.0070701  0.0004642  0.0004642
   935.500  0.0070355  0.0004729  0.0004729
   936.000  0.0069281  0.0004761  0.0004761
   936.500  0.0068415  0.0005603  0.0005603
   937.000  0.0066494  0.0006161  0.0006161
   937.500  0.0066115  0.0005782  0.0005782
   938.000  0.0064732  0.0005741  0.0005741
   938.500  0.0064606  0.0004870  0.0004870
   939.000  0.0064987  0.0004716  0.0004716
   939.500  0.0064841  0.0005061  0.0005061
   940.000  0.0065474  0.0005043  0.0005043
   940.500  0.0065357  0.0005345  0.0005345
   941.000  0.0064581  0.0005313  0.0005313
   941.500  0.0063707  0.0005684  0.0005684
   942.000  0.0064040  0.0006381  0.0006381
   942.500  0.0065070  0.0006972  0.0006972
   943.000  0.0065171  0.0006069  0.0006069
   943.500  0.0064095  0.0005360  0.0005360
   944.000  0.0063526  0.0006032  0.0006032
   944.500  0.0063256  0.0006918  0.0006918
   945.000  0.0062455  0.0006492  0.0006492
   945.500  0.0061648  0.0006064  0.0006064
   946.000  0.0061724  0.0006128  0.0006128
   946.500  0.0061016  0.0006933  0.0006933
   947.000  0.0060248  0.0006364  0.0006364
   947.500  0.0060425  0.0005872  0.0005872
   948.000  0.0059185  0.0005494  0.0005494
   948.500  0.0058654  0.0004178  0.0004178
   949.000  0.0058891  0.0004521  0.0004521
   949.500  0.0059559  0.0005402  0.0005402
   950.000  0.0059741  0.0005847  0.0005847
   950.500  0.0059344  0.0005206  0.0005206
   951.000  0.0059246  0.0005057  0.0005057
   951.500  0.0059939  0.0005142  0.0005142
   952.000  0.0060449  0.0005170  0.0005170
   952.500  0.0060155  0.0005607  0.0005607
   953.000  0.0060094  0.0005385  0.0005385
   953.500  0.0060431  0.0004782  0.0004782
   954.000  0.0059082  0.0005044  0.0005044
   954.500  0.0057461  0.0005814  0.0005814
   955.000  0.0057061  0.0005560  0.0005560
   955.500  0.0057864  0.0005526  0.0005526
   956.000  0.0057323  0.0005119  0.0005119
   956.500  0.0056110  0.0003490  0.0003490
   957.000  0.0055419  0.0003314  0.0003314
   957.500  0.0056280  0.0003731  0.0003731
   958.000  0.0056620  0.0004251  0.0004251
   958.500  0.0054967  0.0004728  0.0004728
   959.000  0.0053978  0.0005040  0.0005040
   959.500  0.0053354  0.0005142  0.0005142
   960.000  0.0054542  0.0003994  0.0003994
   960.500  0.0054699  0.0003897  0.0003897
   961.000  0.0055706  0.0004461  0.0004461
   961.500  0.0056062  0.0004261  0.0004261
   962.000  0.0054699  0.0004605  0.0004605
   962.500  0.0054995  0.0004484  0.0004484
   963.000  0.0054756  0.0004618  0.0004618
   963.500  0.0054714  0.0003775  0.0003775
   964.000  0.0055201  0.0003237  0.0003237
   964.500  0.0056357  0.0003869  0.0003869
   965.000  0.0057260  0.0004024  0.0004024
   965.500  0.0057553  0.0003809  0.0003809
   966.000  0.0057699  0.0003572  0.0003572
   966.500  0.0057537  0.0004414  0.0004414
   967.000  0.0057233  0.0005048  0.0005048
   967.500  0.0057248  0.0004842  0.0004842
   968.000  0.0057212  0.0004622  0.0004622
   968.500  0.0056999  0.0004758  0.0004758
   969.000  0.0057161  0.0004413  0.0004413
   969.500  0.0057618  0.0004395  0.0004395
   970.000  0.0056876  0.0004519  0.0004519
   970.500  0.0057355  0.0004552  0.0004552
   971.000  0.0056492  0.0004715  0.0004715
   971.500  0.0057013  0.0004809  0.0004809
   972.000  0.0056740  0.0004220  0.0004220
   972.500  0.0055613  0.0004300  0.0004300
   973.000  0.0055555  0.0004736  0.0004736
   973.500  0.0055100  0.0004213  0.0004213
   974.000  0.0055372  0.0005122  0.0005122
   974.500  0.0055738  0.0005485  0.0005485
   975.000  0.0055821  0.0004898  0.0004898
   975.500  0.0054301  0.0004089  0.0004089
   976.000  0.0054339  0.0004708  0.0004708
   976.500  0.0054213  0.0004646  0.0004646
   977.000  0.0052618  0.0004475  0.0004475
   977.500  0.0052273  0.0004796  0.0004796
   978.000  0.0052501  0.0005402  0.0005402
   978.500  0.0051531  0.0005565  0.0005565
   979.000  0.0050669  0.0005139  0.0005139
   979.500  0.0049546  0.0004431  0.0004431
   980.000  0.0049375  0.0003759  0.0003759
   980.500  0.0049185  0.0003198  0.0003198
   981.000  0.0048691  0.0003216  0.0003216
   981.500  0.0048736  0.0003445  0.0003445
   982.000  0.0048368  0.0003419  0.0003419
   982.500  0.0047231  0.0003116  0.0003116
   983.000  0.0047695  0.0003317  0.0003317
   983.500  0.0048937  0.0004146  0.0004146
   984.000  0.0048086  0.0003554  0.0003554
   984.500  0.0047301  0.0003674  0.0003674
   985.000  0.0047473  0.0003486  0.0003486
   985.500  0.0047138  0.0003570  0.0003570
   986.000  0.0046869  0.0003166  0.0003166
   986.500  0.0046550  0.0003415  0.0003415
   987.000  0.0046616  0.0003764  0.0003764
   987.500  0.0045807  0.0002266  0.0002266
   988.000  0.0044165  0.0002385  0.0002385
   988.500  0.0044566  0.0003818  0.0003818
   989.000  0.0044853  0.0003599  0.0003599
   989.500  0.0044724  0.0003602  0.0003602
   990.000  0.0045151  0.0004428  0.0004428
   990.500  0.0045118  0.0004564  0.0004564
   991.000  0.0044220  0.0003906  0.0003906
   991.500  0.0043521  0.0003986  0.0003986
   992.000  0.0043195  0.0004561  0.0004561
   992.500  0.0043629  0.0004067  0.0004067
   993.000  0.0043252  0.0004070  0.0004070
   993.500  0.0042766  0.0004958  0.0004958
   994.000  0.0042514  0.0004708  0.0004708
   994.500  0.0041549  0.0003999  0.0003999
   995.000  0.0041070  0.0004154  0.0004154
   995.500  0.0039753  0.0004073  0.0004073
   996.000  0.0040218  0.0004829  0.0004829
   996.500  0.0040549  0.0004707  0.0004707
   997.000  0.0039891  0.0004438  0.0004438
   997.500  0.0038765  0.0004735  0.0004735
   998.000  0.0037824  0.0004722  0.0004722
   998.500  0.0038526  0.0004768  0.0004768
   999.000  0.0038812  0.0004020  0.0004020
   999.500  0.0038378  0.0003710  0.0003710
  1000.000  0.0038790  0.0003445  0.0003445
  1000.500  0.0038841  0.0004237  0.0004237
  1001.000  0.0037927  0.0004656  0.0004656
  1001.500  0.0037393  0.0003418  0.0003418
  1002.000  0.0036824  0.0002825  0.0002825
  1002.500  0.0036350  0.0003289  0.0003289
  1003.000  0.0035947  0.0004101  0.0004101
  1003.500  0.0035122  0.0004290  0.0004290
  1004.000  0.0034134  0.0004255  0.0004255
  1004.500  0.0034709  0.0004463  0.0004463
  1005.000  0.0034952  0.0005886  0.0005886
  1005.500  0.0034219  0.0006212  0.0006212
  1006.000  0.0031358  0.0004669  0.0004669
  1006.500  0.0031184  0.0003415  0.0003415
  1007.000  0.0030348  0.0003001  0.0003001
  1007.500  0.0028855  0.0002552  0.0002552
  1008.000  0.0027502  0.0002275  0.0002275
  1008.500  0.0027874  0.0002478  0.0002478
  1009.000  0.0028077  0.0002103  0.0002103
  1009.500  0.0027499  0.0003998  0.0003998
  1010.000  0.0027492  0.0004263  0.0004263
  1010.500  0.0026575  0.0002249  0.0002249
  1011.000  0.0026218  0.0002158  0.0002158
  1011.500  0.0025291  0.0001689  0.0001689
  1012.000  0.0024911  0.0001360  0.0001360
  1012.500  0.0024102  0.0001993  0.0001993
  1013.000  0.0023418  0.0001732  0.0001732
  1013.500  0.0022637  0.0000999  0.0000999
  1014.000  0.0022135  0.0001126  0.0001126
  1014.500  0.0022138  0.0000652  0.0000652
  1015.000  0.0022376  0.0001565  0.0001565
  1015.500  0.0023320  0.0001896  0.0001896
  1016.000  0.0023192  0.0001338  0.0001338
  1016.500  0.0022673  0.0001885  0.0001885
  1017.000  0.0022739  0.0002844  0.0002844
  1017.500  0.0021893  0.0002841  0.0002841
  1018.000  0.0021180  0.0001014  0.0001014
  1018.500  0.0020259  0.0000741  0.0000741
  1019.000  0.0020863  0.0001239  0.0001239
  1019.500  0.0019973  0.0000513  0.0000513
  1020.000  0.0021200  0.0002366  0.0002366
  1020.500  0.0020191  0.0002298  0.0002298
  1021.000  0.0019596  0.0002488  0.0002488
  1021.500  0.0019410  0.0002591  0.0002591
  1022.000  0.0017871  0.0001485  0.0001485
  1022.500  0.0017949  0.0000454  0.0000454
  1023.000  0.0018947  0.0000466  0.0000466
  1023.500  0.0018118  0.0001034  0.0001034
  1024.000  0.0017553  0.0001529  0.0001529
  1024.500  0.0017888  0.0002740  0.0002740
  1025.000  0.0018426  0.0002766  0.0002766
  1025.500  0.0017866  0.0002521  0.0002521
  1026.000  0.0018095  0.0002965  0.0002965
  1026.500  0.0018507  0.0003745  0.0003745
  1027.000  0.0017292  0.0003202  0.0003202
  1027.500  0.0016534  0.0001911  0.0001911
  1028.000  0.0016778  0.0002846  0.0002846
  1028.500  0.0017094  0.0002908  0.0002908
  1029.000  0.0020394  0.0006996  0.0006996
  1029.500  0.0020179  0.0005034  0.0005034
  1030.000  0.0016835  0.0001698  0.0001698
  1030.500  0.0015819  0.0002268  0.0002268
  1031.000  0.0015005  0.0002749  0.0002749
  1031.500  0.0013764  0.0001898  0.0001898
  1032.000  0.0013485  0.0000468  0.0000468
  1032.500  0.0014336  0.0000681  0.0000681
  1033.000  0.0015227  0.0002532  0.0002532
  1033.500  0.0014454  0.0002815  0.0002815
  1034.000  0.0014613  0.0003089  0.0003089
  1034.500  0.0014586  0.0003263  0.0003263
  1035.000  0.0012979  0.0002581  0.0002581
  1035.500  0.0012084  0.0000837  0.0000837
  1036.000  0.0012234  0.0001376  0.0001376
  1036.500  0.0011466  0.0001264  0.0001264
  1037.000  0.0010946  0.0000948  0.0000948
  1037.500  0.0011358  0.0000702  0.0000702
  1038.000  0.0011685  0.0000528  0.0000528
  1038.500  0.0011007  0.0000729  0.0000729
  1039.000  0.0010430  0.0001322  0.0001322
  1039.500  0.0010491  0.0001790  0.0001790
  1040.000  0.0011042  0.0001927  0.0001927
  1040.500  0.0010824  0.0002114  0.0002114
  1041.000  0.0010251  0.0001453  0.0001453
  1041.500  0.0009077  0.0001870  0.0001870
  1042.000  0.0010385  0.0001769  0.0001769
  1042.500  0.0010524  0.0003386  0.0003386
  1043.000  0.0011405  0.0005207  0.0005207
  1043.500  0.0012041  0.0005433  0.0005433
  1044.000  0.0011866  0.0003682  0.0003682
  1044.500  0.0009455  0.0001375  0.0001375
  1045.000  0.0010667  0.0002568  0.0002568
  1045.500  0.0011875  0.0003438  0.0003438
  1046.000  0.0010476  0.0002074  0.0002074
  1046.500  0.0009209  0.0001410  0.0001410
  1047.000  0.0008108  0.0001393  0.0001393
  1047.500  0.0007890  0.0001273  0.0001273
  1048.000  0.0008457  0.0001800  0.0001800
  1048.500  0.0008972  0.0001288  0.0001288
  1049.000  0.0008639  0.0001911  0.0001911
  1049.500  0.0008222  0.0002221  0.0002221
  1050.000  0.0008512  0.0002352  0.0002352
  1050.500  0.0008435  0.0002079  0.0002079
  1051.000  0.0007405  0.0001595  0.0001595
  1051.500  0.0006504  0.0001614  0.0001614
  1052.000  0.0006493  0.0001868  0.0001868
  1052.500  0.0006074  0.0001295  0.0001295
  1053.000  0.0005578  0.0000488  0.0000488
  1053.500  0.0005737  0.0001103  0.0001103
  1054.000  0.0007061  0.0001744  0.0001744
  1054.500  0.0007640  0.0002255  0.0002255
  1055.000  0.0008191  0.0003816  0.0003816
  1055.500  0.0006218  0.0003625  0.0003625
  1056.000  0.0005673  0.0002013  0.0002013
  1056.500  0.0006076  0.0001767  0.0001767
  1057.000  0.0005423  0.0001920  0.0001920
  1057.500  0.0004899  0.0001864  0.0001864
  1058.000  0.0004637  0.0000823  0.0000823
  1058.500  0.0005970  0.0001576  0.0001576
  1059.000  0.0006202  0.0001183  0.0001183
  1059.500  0.0006184  0.0001891  0.0001891
  1060.000  0.0006360  0.0002833  0.0002833
  1060.500  0.0005884  0.0000968  0.0000968
  1061.000  0.0004783  0.0001808  0.0001808
  1061.500  0.0004033  0.0001959  0.0001959
  1062.000  0.0003413  0.0001121  0.0001121
