   115.000  0.0147102  0.0000000  0.0000000
   115.500  0.0059159  0.0000000  0.0000000
   116.000  0.0068696  0.0059358  0.0041973
   116.500        INF        NAN  0.0000000
   117.000  0.1639782  0.0000000  0.0000000
   117.500        INF        NAN  0.0000000
   118.000        INF        NAN  0.0000000
   118.500        INF        NAN  0.0000000
   119.000        INF        NAN  0.0000000
   119.500        INF        NAN  0.0000000
   120.000  0.1045651  0.0000000  0.0000000
   120.500        NAN        NAN  0.0000000
   121.000  0.0539339  0.0000000  0.0000000
   121.500  0.0298077  0.0000000  0.0000000
   122.000  0.0241683  0.0000000  0.0000000
   122.500  0.0189418  0.0000000  0.0000000
   123.000        NAN        NAN  0.0000000
   123.500        NAN        NAN  0.0000000
   124.000        NAN        NAN  0.0000000
   124.500  0.0101407  0.0073050  0.0051654
   125.000  0.0148873  0.0014839  0.0010493
   125.500  0.0048256  0.0039114  0.0027658
   126.000  0.0140273  0.0000000  0.0000000
   126.500  0.0124574  0.0000000  0.0000000
   127.000  0.0038388  0.0034522  0.0024410
   127.500  0.0033458  0.0013000  0.0009192
   128.000  0.0011186  0.0002571  0.0001818
   128.500  0.0000792  0.0000000  0.0000000
   129.000  0.0009254  0.0000000  0.0000000
   129.500  0.0015487  0.0013018  0.0009205
   130.000  0.0012549  0.0007160  0.0005063
   130.500  0.0001861  0.0001657  0.0001172
   131.000        NAN        NAN  0.0000000
   131.500        NAN        NAN  0.0000000
   132.000  0.0002395  0.0000545  0.0000385
   132.500  0.0011171  0.0004215  0.0002980
   133.000  0.0016858  0.0008384  0.0005928
   133.500  0.0018399  0.0008053  0.0005694
   134.000  0.0022111  0.0003244  0.0002294
   134.500  0.0010409  0.0002222  0.0001572
   135.000  0.0002782  0.0000000  0.0000000
   135.500  0.0003011  0.0000000  0.0000000
   136.000  0.0017042  0.0000000  0.0000000
   136.500  0.0020221  0.0015002  0.0010608
   137.000  0.0031378  0.0018835  0.0013319
   137.500  0.0028611  0.0023138  0.0016361
   138.000  0.0018808  0.0018036  0.0012754
   138.500  0.0006812  0.0006587  0.0004658
   139.000  0.0000253  0.0000000  0.0000000
   139.500        NAN        NAN  0.0000000
   140.000  0.0003819  0.0000000  0.0000000
   140.500  0.0013598  0.0000000  0.0000000
   141.000  0.0003763  0.0000000  0.0000000
   141.500  0.0002113  0.0000000  0.0000000
   142.000  0.0005353  0.0002836  0.0002006
   142.500  0.0007210  0.0006547  0.0004629
   143.000  0.0007985  0.0000000  0.0000000
   143.500        NAN        NAN  0.0000000
   144.000  0.0005276  0.0000000  0.0000000
   144.500  0.0006988  0.0000000  0.0000000
   145.000  0.0001540  0.0000000  0.0000000
   145.500  0.0001749  0.0000000  0.0000000
   146.000  0.0009401  0.0000192  0.0000136
   146.500  0.0019855  0.0000762  0.0000538
   147.000  0.0023988  0.0002106  0.0001489
   147.500  0.0019568  0.0006377  0.0004509
   148.000  0.0010436  0.0002973  0.0002103
   148.500  0.0001964  0.0000000  0.0000000
   149.000        NAN        NAN  0.0000000
   149.500        NAN        NAN  0.0000000
   150.000  0.0003363  0.0000000  0.0000000
   150.500  0.0004776  0.0004670  0.0003302
   151.000  0.0009188  0.0000312  0.0000221
   151.500  0.0012149  0.0007890  0.0005579
   152.000  0.0005995  0.0003246  0.0002295
   152.500  0.0003442  0.0003185  0.0002252
   153.000  0.0013698  0.0001219  0.0000862
   153.500  0.0014705  0.0006471  0.0004576
   154.000  0.0009060  0.0000000  0.0000000
   154.500  0.0003004  0.0000367  0.0000260
   155.000  0.0005745  0.0003319  0.0002347
   155.500  0.0009282  0.0000000  0.0000000
   156.000  0.0002910  0.0000000  0.0000000
   156.500  0.0003424  0.0000000  0.0000000
   157.000  0.0008611  0.0007860  0.0005558
   157.500  0.0012757  0.0003464  0.0002449
   158.000  0.0013640  0.0002784  0.0001969
   158.500  0.0003601  0.0000110  0.0000077
   159.000        NAN        NAN  0.0000000
   159.500  0.0000166  0.0000000  0.0000000
   160.000  0.0002325  0.0000000  0.0000000
   160.500  0.0004829  0.0000000  0.0000000
   161.000  0.0003660  0.0000000  0.0000000
   161.500  0.0000228  0.0000000  0.0000000
   162.000  0.0002512  0.0000000  0.0000000
   162.500  0.0011005  0.0000000  0.0000000
   163.000  0.0007216  0.0000000  0.0000000
   163.500  0.0001744  0.0000000  0.0000000
   164.000  0.0000214  0.0000000  0.0000000
   164.500        NAN        NAN  0.0000000
   165.000  0.0001466  0.0000227  0.0000161
   165.500  0.0006073  0.0001919  0.0001357
   166.000  0.0006512  0.0002343  0.0001657
   166.500  0.0003152  0.0001612  0.0001140
   167.000  0.0007079  0.0000914  0.0000646
   167.500  0.0001915  0.0000000  0.0000000
   168.000  0.0000830  0.0000000  0.0000000
   168.500  0.0005395  0.0001738  0.0001229
   169.000  0.0007074  0.0004357  0.0003081
   169.500  0.0005098  0.0003839  0.0002715
   170.000  0.0006929  0.0004128  0.0002919
   170.500  0.0004569  0.0002994  0.0002117
   171.000  0.0007100  0.0000000  0.0000000
   171.500  0.0014576  0.0000000  0.0000000
   172.000  0.0006879  0.0000072  0.0000051
   172.500  0.0013073  0.0008431  0.0005962
   173.000  0.0013420  0.0000000  0.0000000
   173.500  0.0008042  0.0000000  0.0000000
   174.000  0.0000593  0.0000000  0.0000000
   174.500        NAN        NAN  0.0000000
   175.000        NAN        NAN  0.0000000
   175.500  0.0002632  0.0000000  0.0000000
   176.000  0.0004989  0.0001303  0.0000922
   176.500  0.0009301  0.0003188  0.0002254
   177.000  0.0008952  0.0006262  0.0004428
   177.500  0.0010691  0.0000000  0.0000000
   178.000  0.0007760  0.0000000  0.0000000
   178.500  0.0012623  0.0000000  0.0000000
   179.000  0.0000005  0.0000000  0.0000000
   179.500        NAN        NAN  0.0000000
   180.000        NAN        NAN  0.0000000
   180.500  0.0001960  0.0001343  0.0000950
   181.000  0.0004687  0.0004372  0.0003091
   181.500  0.0007946  0.0000000  0.0000000
   182.000  0.0002101  0.0000550  0.0000389
   182.500  0.0001473  0.0000693  0.0000490
   183.000  0.0003429  0.0000000  0.0000000
   183.500  0.0005690  0.0000000  0.0000000
   184.000  0.0000036  0.0000000  0.0000000
   184.500  0.0000328  0.0000166  0.0000117
   185.000  0.0010215  0.0001493  0.0001055
   185.500  0.0004462  0.0002965  0.0002097
   186.000  0.0009361  0.0000000  0.0000000
   186.500  0.0007680  0.0000000  0.0000000
   187.000  0.0010241  0.0000000  0.0000000
   187.500  0.0007010  0.0002009  0.0001421
   188.000  0.0003642  0.0002727  0.0001928
   188.500  0.0000641  0.0000000  0.0000000
   189.000  0.0002215  0.0000000  0.0000000
   189.500  0.0003638  0.0003623  0.0002562
   190.000  0.0004682  0.0004396  0.0003108
   190.500  0.0010237  0.0008487  0.0006001
   191.000  0.0004945  0.0002474  0.0001749
   191.500  0.0012472  0.0000000  0.0000000
   192.000  0.0003880  0.0001895  0.0001340
   192.500  0.0002119  0.0001452  0.0001027
   193.000  0.0003452  0.0001538  0.0001088
   193.500  0.0004557  0.0004344  0.0003071
   194.000  0.0004977  0.0003541  0.0002504
   194.500  0.0011446  0.0005192  0.0003671
   195.000  0.0009918  0.0004050  0.0002864
   195.500  0.0007600  0.0001552  0.0001097
   196.000  0.0009709  0.0007896  0.0005584
   196.500  0.0006783  0.0001385  0.0000980
   197.000  0.0012862  0.0002289  0.0001618
   197.500  0.0010383  0.0003196  0.0002260
   198.000  0.0003770  0.0001731  0.0001224
   198.500  0.0000450  0.0000164  0.0000116
   199.000  0.0001310  0.0000000  0.0000000
   199.500  0.0007833  0.0000000  0.0000000
   200.000  0.0018957  0.0000000  0.0000000
   200.500  0.0020056  0.0000000  0.0000000
   201.000  0.0004121  0.0003461  0.0002447
   201.500  0.0004134  0.0002133  0.0001508
   202.000  0.0006513  0.0006226  0.0004402
   202.500  0.0022844  0.0000000  0.0000000
   203.000  0.0010290  0.0000000  0.0000000
   203.500  0.0001994  0.0000000  0.0000000
   204.000        NAN        NAN  0.0000000
   204.500  0.0001398  0.0000000  0.0000000
   205.000  0.0002693  0.0000000  0.0000000
   205.500  0.0001724  0.0000000  0.0000000
   206.000  0.0000043  0.0000000  0.0000000
   206.500  0.0004850  0.0004675  0.0003306
   207.000  0.0007453  0.0007413  0.0005242
   207.500  0.0003977  0.0003976  0.0002812
   208.000  0.0004960  0.0003613  0.0002555
   208.500  0.0009817  0.0001909  0.0001350
   209.000  0.0005349  0.0000881  0.0000623
   209.500  0.0002508  0.0002384  0.0001686
   210.000  0.0001621  0.0001519  0.0001074
   210.500  0.0005920  0.0005060  0.0003578
   211.000  0.0005289  0.0002286  0.0001616
   211.500  0.0010353  0.0004528  0.0003201
   212.000  0.0002564  0.0001844  0.0001304
   212.500  0.0002956  0.0002256  0.0001596
   213.000  0.0006930  0.0002119  0.0001498
   213.500  0.0001957  0.0000846  0.0000598
   214.000  0.0006186  0.0000000  0.0000000
   214.500  0.0017045  0.0000000  0.0000000
   215.000  0.0006481  0.0003308  0.0002339
   215.500  0.0005047  0.0003120  0.0002206
   216.000  0.0003085  0.0000000  0.0000000
   216.500        NAN        NAN  0.0000000
   217.000        NAN        NAN  0.0000000
   217.500        NAN        NAN  0.0000000
   218.000        NAN        NAN  0.0000000
   218.500  0.0007091  0.0000000  0.0000000
   219.000  0.0006084  0.0000000  0.0000000
   219.500  0.0001644  0.0000000  0.0000000
   220.000  0.0006121  0.0000000  0.0000000
   220.500  0.0007051  0.0003040  0.0002150
   221.000  0.0009195  0.0004302  0.0003042
   221.500  0.0006384  0.0004106  0.0002903
   222.000  0.0005207  0.0002511  0.0001776
   222.500  0.0004250  0.0004067  0.0002876
   223.000  0.0007945  0.0000000  0.0000000
   223.500  0.0017069  0.0016830  0.0011901
   224.000  0.0011214  0.0011107  0.0007854
   224.500  0.0001134  0.0000246  0.0000174
   225.000  0.0010846  0.0000000  0.0000000
   225.500  0.0009176  0.0008892  0.0006288
   226.000  0.0007789  0.0007679  0.0005430
   226.500  0.0016999  0.0000000  0.0000000
   227.000  0.0012341  0.0000000  0.0000000
   227.500  0.0006070  0.0000000  0.0000000
   228.000  0.0007116  0.0006598  0.0004665
   228.500  0.0038062  0.0000000  0.0000000
   229.000  0.0029797  0.0000000  0.0000000
   229.500  0.0009528  0.0001768  0.0001251
   230.000  0.0011535  0.0005530  0.0003910
   230.500  0.0017365  0.0005007  0.0003540
   231.000  0.0016681  0.0001521  0.0001076
   231.500  0.0005747  0.0000958  0.0000678
   232.000  0.0002100  0.0001825  0.0001291
   232.500  0.0009792  0.0008199  0.0005797
   233.000  0.0007390  0.0005915  0.0004183
   233.500  0.0010069  0.0006961  0.0004922
   234.000  0.0013180  0.0001190  0.0000841
   234.500  0.0016152  0.0000548  0.0000387
   235.000  0.0005601  0.0003463  0.0002449
   235.500  0.0014067  0.0005225  0.0003695
   236.000  0.0008839  0.0001078  0.0000762
   236.500  0.0004136  0.0003060  0.0002164
   237.000  0.0006581  0.0000000  0.0000000
   237.500  0.0000305  0.0000000  0.0000000
   238.000        NAN        NAN  0.0000000
   238.500        NAN        NAN  0.0000000
   239.000        NAN        NAN  0.0000000
   239.500        NAN        NAN  0.0000000
   240.000        NAN        NAN  0.0000000
   240.500  0.0001334  0.0000000  0.0000000
   241.000  0.0006175  0.0003309  0.0002340
   241.500  0.0001748  0.0001432  0.0001013
   242.000        NAN        NAN  0.0000000
   242.500  0.0007077  0.0000000  0.0000000
   243.000  0.0002527  0.0000000  0.0000000
   243.500  0.0006823  0.0000000  0.0000000
   244.000  0.0021461  0.0000000  0.0000000
   244.500  0.0013877  0.0011075  0.0007831
   245.000  0.0024308  0.0011471  0.0008111
   245.500  0.0022110  0.0020373  0.0014406
   246.000  0.0018859  0.0012398  0.0008767
   246.500  0.0015058  0.0001681  0.0001189
   247.000  0.0003900  0.0003844  0.0002718
   247.500  0.0012803  0.0000000  0.0000000
   248.000  0.0000225  0.0000000  0.0000000
   248.500  0.0001013  0.0000000  0.0000000
   249.000        NAN        NAN  0.0000000
   249.500        NAN        NAN  0.0000000
   250.000  0.0001650  0.0000000  0.0000000
   250.500  0.0010061  0.0000000  0.0000000
   251.000  0.0011671  0.0000000  0.0000000
   251.500  0.0004574  0.0000000  0.0000000
   252.000  0.0004601  0.0000000  0.0000000
   252.500  0.0015119  0.0000000  0.0000000
   253.000  0.0019354  0.0000000  0.0000000
   253.500  0.0012615  0.0000000  0.0000000
   254.000  0.0016066  0.0013123  0.0009279
   254.500  0.0027931  0.0004748  0.0003358
   255.000  0.0028857  0.0013684  0.0009676
   255.500  0.0007238  0.0005563  0.0003934
   256.000  0.0001680  0.0000000  0.0000000
   256.500        NAN        NAN  0.0000000
   257.000  0.0008285  0.0000000  0.0000000
   257.500  0.0014270  0.0000000  0.0000000
   258.000  0.0010343  0.0000000  0.0000000
   258.500  0.0002328  0.0000000  0.0000000
   259.000  0.0010383  0.0004353  0.0003078
   259.500  0.0008770  0.0008727  0.0006171
   260.000  0.0009505  0.0008931  0.0006315
   260.500  0.0007398  0.0007331  0.0005184
   261.000  0.0005539  0.0004027  0.0002848
   261.500  0.0012193  0.0001785  0.0001263
   262.000  0.0015682  0.0001647  0.0001165
   262.500  0.0017943  0.0006307  0.0004460
   263.000  0.0013725  0.0006701  0.0004738
   263.500  0.0000802  0.0000000  0.0000000
   264.000  0.0004620  0.0004456  0.0003151
   264.500  0.0002049  0.0001272  0.0000899
   265.000  0.0010430  0.0008152  0.0005764
   265.500  0.0014115  0.0013387  0.0009466
   266.000  0.0029679  0.0000000  0.0000000
   266.500  0.0020026  0.0000000  0.0000000
   267.000  0.0005418  0.0004688  0.0003315
   267.500  0.0007686  0.0003961  0.0002801
   268.000  0.0015340  0.0008708  0.0006157
   268.500  0.0016355  0.0011593  0.0008197
   269.000  0.0020842  0.0000000  0.0000000
   269.500  0.0018054  0.0000000  0.0000000
   270.000  0.0006858  0.0000000  0.0000000
   270.500  0.0012311  0.0000000  0.0000000
   271.000  0.0001877  0.0000000  0.0000000
   271.500  0.0000176  0.0000000  0.0000000
   272.000        NAN        NAN  0.0000000
   272.500        NAN        NAN  0.0000000
   273.000  0.0002281  0.0002071  0.0001465
   273.500  0.0006654  0.0001576  0.0001114
   274.000  0.0006000  0.0000317  0.0000224
   274.500  0.0006988  0.0003408  0.0002409
   275.000  0.0011636  0.0002163  0.0001529
   275.500  0.0025488  0.0006392  0.0004520
   276.000  0.0017584  0.0004067  0.0002876
   276.500  0.0014943  0.0010980  0.0007764
   277.000  0.0019331  0.0000000  0.0000000
   277.500  0.0004522  0.0000000  0.0000000
   278.000  0.0005553  0.0000000  0.0000000
   278.500  0.0008919  0.0005819  0.0004114
   279.000  0.0011443  0.0006716  0.0004749
   279.500  0.0005573  0.0005215  0.0003688
   280.000  0.0000498  0.0000000  0.0000000
   280.500        NAN        NAN  0.0000000
   281.000  0.0000985  0.0000972  0.0000687
   281.500  0.0012294  0.0007633  0.0005397
   282.000  0.0019410  0.0003744  0.0002647
   282.500  0.0009612  0.0001000  0.0000707
   283.000  0.0001744  0.0001098  0.0000776
   283.500  0.0000045  0.0000000  0.0000000
   284.000        NAN        NAN  0.0000000
   284.500        NAN        NAN  0.0000000
   285.000  0.0001561  0.0000000  0.0000000
   285.500  0.0006453  0.0000000  0.0000000
   286.000  0.0007381  0.0005533  0.0003912
   286.500  0.0017395  0.0001967  0.0001391
   287.000  0.0029712  0.0002917  0.0002063
   287.500  0.0023597  0.0003479  0.0002460
   288.000  0.0015577  0.0010255  0.0007251
   288.500  0.0014041  0.0002469  0.0001745
   289.000  0.0008042  0.0000045  0.0000031
   289.500  0.0002296  0.0000957  0.0000677
   290.000  0.0000889  0.0000000  0.0000000
   290.500        NAN        NAN  0.0000000
   291.000        NAN        NAN  0.0000000
   291.500  0.0001384  0.0000000  0.0000000
   292.000  0.0009453  0.0000000  0.0000000
   292.500  0.0002750  0.0000000  0.0000000
   293.000  0.0004442  0.0004108  0.0002905
   293.500  0.0004927  0.0003016  0.0002133
   294.000  0.0010221  0.0000000  0.0000000
   294.500  0.0012847  0.0007791  0.0005509
   295.000  0.0015650  0.0011224  0.0007936
   295.500  0.0008571  0.0008105  0.0005731
   296.000  0.0005978  0.0002758  0.0001950
   296.500  0.0009819  0.0003092  0.0002186
   297.000  0.0005262  0.0004999  0.0003535
   297.500  0.0005125  0.0003525  0.0002493
   298.000  0.0010176  0.0006785  0.0004797
   298.500  0.0020979  0.0001532  0.0001083
   299.000  0.0016102  0.0010392  0.0007348
   299.500  0.0016514  0.0000000  0.0000000
   300.000  0.0004318  0.0000000  0.0000000
   300.500  0.0008901  0.0000000  0.0000000
   301.000  0.0009713  0.0004554  0.0003220
   301.500  0.0006103  0.0000684  0.0000483
   302.000  0.0001907  0.0000000  0.0000000
   302.500  0.0006903  0.0000000  0.0000000
   303.000  0.0004328  0.0004281  0.0003027
   303.500  0.0004905  0.0000274  0.0000194
   304.000  0.0003721  0.0000233  0.0000165
   304.500  0.0011355  0.0010370  0.0007333
   305.000  0.0014731  0.0006717  0.0004750
   305.500  0.0006095  0.0000371  0.0000262
   306.000  0.0007302  0.0000000  0.0000000
   306.500  0.0015477  0.0011232  0.0007942
   307.000  0.0020442  0.0011618  0.0008215
   307.500  0.0012141  0.0008829  0.0006243
   308.000  0.0019398  0.0000667  0.0000471
   308.500  0.0019599  0.0010514  0.0007435
   309.000  0.0030108  0.0000000  0.0000000
   309.500  0.0018618  0.0000000  0.0000000
   310.000  0.0004928  0.0002760  0.0001951
   310.500  0.0001871  0.0000093  0.0000066
   311.000  0.0001368  0.0001125  0.0000796
   311.500  0.0006545  0.0002455  0.0001736
   312.000  0.0015503  0.0008584  0.0006070
   312.500  0.0014574  0.0009945  0.0007033
   313.000  0.0013521  0.0002452  0.0001734
   313.500  0.0013748  0.0004811  0.0003402
   314.000  0.0009522  0.0003245  0.0002295
   314.500  0.0003929  0.0003199  0.0002262
   315.000  0.0029610  0.0000000  0.0000000
   315.500  0.0024272  0.0000000  0.0000000
   316.000  0.0008385  0.0002252  0.0001592
   316.500  0.0016181  0.0009114  0.0006445
   317.000  0.0010441  0.0005104  0.0003609
   317.500  0.0005256  0.0000119  0.0000084
   318.000  0.0005881  0.0002491  0.0001761
   318.500  0.0010035  0.0002007  0.0001419
   319.000  0.0010653  0.0000000  0.0000000
   319.500  0.0021499  0.0000000  0.0000000
   320.000  0.0009637  0.0009394  0.0006643
   320.500  0.0005555  0.0003530  0.0002496
   321.000  0.0014317  0.0009848  0.0006964
   321.500  0.0025383  0.0018269  0.0012918
   322.000  0.0018698  0.0016960  0.0011992
   322.500  0.0017137  0.0000000  0.0000000
   323.000  0.0009569  0.0003576  0.0002529
   323.500  0.0011076  0.0002600  0.0001838
   324.000  0.0016095  0.0006085  0.0004303
   324.500  0.0020872  0.0008346  0.0005901
   325.000  0.0026052  0.0001532  0.0001083
   325.500  0.0027462  0.0008033  0.0005680
   326.000  0.0012259  0.0007763  0.0005489
   326.500  0.0003475  0.0003378  0.0002389
   327.000  0.0015643  0.0002589  0.0001830
   327.500  0.0019673  0.0008865  0.0006269
   328.000  0.0023113  0.0009567  0.0006765
   328.500  0.0015531  0.0007255  0.0005130
   329.000  0.0014600  0.0000948  0.0000670
   329.500  0.0009867  0.0007881  0.0005573
   330.000  0.0009398  0.0000000  0.0000000
   330.500  0.0016821  0.0000000  0.0000000
   331.000  0.0019307  0.0017407  0.0012308
   331.500  0.0025518  0.0020391  0.0014419
   332.000  0.0028361  0.0016690  0.0011801
   332.500  0.0027649  0.0013894  0.0009825
   333.000  0.0021620  0.0008758  0.0006193
   333.500  0.0026227  0.0010744  0.0007597
   334.000  0.0022404  0.0006170  0.0004362
   334.500  0.0007325  0.0002469  0.0001746
   335.000  0.0010508  0.0006318  0.0004467
   335.500  0.0021189  0.0013971  0.0009879
   336.000  0.0023120  0.0001558  0.0001101
   336.500  0.0008975  0.0007350  0.0005197
   337.000  0.0008234  0.0001005  0.0000710
   337.500  0.0013538  0.0007587  0.0005365
   338.000  0.0023424  0.0010371  0.0007334
   338.500  0.0027073  0.0008723  0.0006168
   339.000  0.0025451  0.0007758  0.0005485
   339.500  0.0014697  0.0004639  0.0003280
   340.000  0.0024126  0.0000000  0.0000000
   340.500  0.0009149  0.0001757  0.0001242
   341.000  0.0007501  0.0006480  0.0004582
   341.500  0.0007137  0.0002503  0.0001770
   342.000  0.0009883  0.0007410  0.0005240
   342.500  0.0024905  0.0015805  0.0011176
   343.000  0.0037577  0.0007456  0.0005272
   343.500  0.0028508  0.0009685  0.0006848
   344.000  0.0011504  0.0009512  0.0006726
   344.500  0.0007328  0.0000424  0.0000300
   345.000  0.0014196  0.0004828  0.0003414
   345.500  0.0019321  0.0003091  0.0002185
   346.000  0.0021943  0.0010811  0.0007645
   346.500  0.0027435  0.0001592  0.0001126
   347.000  0.0022603  0.0008600  0.0006081
   347.500  0.0008937  0.0008707  0.0006157
   348.000  0.0011595  0.0005666  0.0004006
   348.500  0.0025987  0.0001389  0.0000982
   349.000  0.0020999  0.0002656  0.0001878
   349.500  0.0010552  0.0006756  0.0004777
   350.000  0.0017670  0.0017319  0.0012246
   350.500  0.0037262  0.0000000  0.0000000
   351.000  0.0028182  0.0000000  0.0000000
   351.500  0.0005825  0.0005483  0.0003877
   352.000  0.0018444  0.0001673  0.0001183
   352.500  0.0023423  0.0008253  0.0005835
   353.000  0.0021726  0.0009552  0.0006755
   353.500  0.0016437  0.0014952  0.0010573
   354.000  0.0014702  0.0008433  0.0005963
   354.500  0.0009905  0.0006976  0.0004932
   355.000  0.0005755  0.0005616  0.0003971
   355.500  0.0003799  0.0001463  0.0001034
   356.000  0.0014266  0.0004640  0.0003281
   356.500  0.0020331  0.0003480  0.0002461
   357.000  0.0021064  0.0011160  0.0007891
   357.500  0.0027191  0.0014841  0.0010494
   358.000  0.0028778  0.0020801  0.0014709
   358.500  0.0020830  0.0017002  0.0012023
   359.000  0.0012911  0.0000973  0.0000688
   359.500  0.0013025  0.0002244  0.0001586
   360.000  0.0016744  0.0013967  0.0009876
   360.500  0.0014616  0.0012918  0.0009134
   361.000  0.0010515  0.0000501  0.0000354
   361.500  0.0015102  0.0013577  0.0009600
   362.000  0.0022318  0.0006269  0.0004432
   362.500  0.0032965  0.0005883  0.0004160
   363.000  0.0029498  0.0003893  0.0002752
   363.500  0.0021380  0.0003989  0.0002820
   364.000  0.0015669  0.0011640  0.0008231
   364.500  0.0012811  0.0010846  0.0007669
   365.000  0.0017601  0.0004235  0.0002995
   365.500  0.0021551  0.0002106  0.0001489
   366.000  0.0037032  0.0012316  0.0008709
   366.500  0.0020711  0.0007540  0.0005331
   367.000  0.0027159  0.0011996  0.0008482
   367.500  0.0025366  0.0003320  0.0002348
   368.000  0.0034315  0.0004622  0.0003268
   368.500  0.0041197  0.0002294  0.0001622
   369.000  0.0037164  0.0005091  0.0003600
   369.500  0.0038917  0.0003179  0.0002248
   370.000  0.0045124  0.0012682  0.0008968
   370.500  0.0060488  0.0028231  0.0019962
   371.000  0.0068772  0.0025244  0.0017850
   371.500  0.0069457  0.0016499  0.0011667
   372.000  0.0070003  0.0011908  0.0008421
   372.500  0.0064224  0.0000341  0.0000241
   373.000  0.0081475  0.0006354  0.0004493
   373.500  0.0089267  0.0016388  0.0011588
   374.000  0.0079006  0.0024605  0.0017398
   374.500  0.0086692  0.0018821  0.0013308
   375.000  0.0113150  0.0010736  0.0007592
   375.500  0.0116116  0.0006736  0.0004763
   376.000  0.0117257  0.0004521  0.0003197
   376.500  0.0139915  0.0000096  0.0000068
   377.000  0.0184411  0.0003801  0.0002688
   377.500  0.0163621  0.0002747  0.0001942
   378.000  0.0148878  0.0005546  0.0003921
   378.500  0.0159905  0.0004991  0.0003529
   379.000  0.0202040  0.0013271  0.0009384
   379.500  0.0241784  0.0018011  0.0012735
   380.000  0.0254882  0.0004545  0.0003213
   380.500  0.0229699  0.0020877  0.0014763
   381.000  0.0238900  0.0029901  0.0021143
   381.500  0.0272210  0.0026747  0.0018913
   382.000  0.0315358  0.0013996  0.0009897
   382.500  0.0384296  0.0002217  0.0001568
   383.000  0.0476936  0.0013702  0.0009688
   383.500  0.0541701  0.0002274  0.0001608
   384.000  0.0456314  0.0041114  0.0029072
   384.500  0.0433961  0.0061490  0.0043480
   385.000  0.0460428  0.0047333  0.0033469
   385.500  0.0511076  0.0031879  0.0022542
   386.000  0.0559181  0.0027937  0.0019755
   386.500  0.0609361  0.0026416  0.0018679
   387.000  0.0677724  0.0019004  0.0013438
   387.500  0.0756683  0.0006746  0.0004770
   388.000  0.0857723  0.0021516  0.0015214
   388.500  0.1017887  0.0035725  0.0025261
   389.000  0.1009971  0.0035956  0.0025425
   389.500  0.0895886  0.0124181  0.0087809
   390.000  0.0889440  0.0114964  0.0081292
   390.500  0.0979255  0.0096937  0.0068545
   391.000  0.1040184  0.0080508  0.0056928
   391.500  0.1125023  0.0076123  0.0053827
   392.000  0.1199798  0.0070782  0.0050050
   392.500  0.1285900  0.0077220  0.0054603
   393.000  0.1483696  0.0085864  0.0060715
   393.500  0.1550180  0.0071760  0.0050742
   394.000  0.1504415  0.0106011  0.0074961
   394.500  0.1580391  0.0040996  0.0028989
   395.000  0.1687252  0.0059013  0.0041728
   395.500  0.1743493  0.0015910  0.0011250
   396.000  0.1893973  0.0012576  0.0008893
   396.500  0.2141564  0.0044835  0.0031703
   397.000  0.2195613  0.0042454  0.0030020
   397.500  0.1865755  0.0169171  0.0119622
   398.000  0.1830983  0.0194052  0.0137215
   398.500  0.1931560  0.0160819  0.0113716
   399.000  0.2004069  0.0137307  0.0097091
   399.500  0.2110986  0.0104735  0.0074059
   400.000  0.2211363  0.0041804  0.0029560
   400.500  0.2262802  0.0056832  0.0040187
   401.000  0.2354603  0.0072460  0.0051237
   401.500  0.2398472  0.0096183  0.0068012
   402.000  0.2464102  0.0091557  0.0064741
   402.500  0.2548386  0.0085752  0.0060636
   403.000  0.2618807  0.0088163  0.0062341
   403.500  0.2684787  0.0059187  0.0041852
   404.000  0.2762425  0.0028534  0.0020176
   404.500  0.2810251  0.0058831  0.0041600
   405.000  0.2848673  0.0037949  0.0026834
   405.500  0.2899293  0.0105210  0.0074394
   406.000  0.2911392  0.0050787  0.0035912
   406.500  0.3059302  0.0038372  0.0027133
   407.000  0.3068765  0.0029196  0.0020645
   407.500  0.3184037  0.0020295  0.0014351
   408.000  0.3210668  0.0023240  0.0016433
   408.500  0.3224672  0.0002865  0.0002026
   409.000  0.3302125  0.0050797  0.0035919
   409.500  0.3362383  0.0093254  0.0065940
   410.000  0.3423403  0.0005036  0.0003561
   410.500  0.3317250  0.0130657  0.0092388
   411.000  0.3428142  0.0274325  0.0193977
   411.500  0.3596159  0.0148755  0.0105185
   412.000  0.3620767  0.0151461  0.0107099
   412.500  0.3634301  0.0109566  0.0077475
   413.000  0.3656405  0.0082122  0.0058069
   413.500  0.3623127  0.0093117  0.0065844
   414.000  0.3641862  0.0062920  0.0044492
   414.500  0.3664274  0.0068996  0.0048787
   415.000  0.3700663  0.0102237  0.0072292
   415.500  0.3755218  0.0076635  0.0054189
   416.000  0.3743032  0.0104526  0.0073911
   416.500  0.3751584  0.0057719  0.0040813
   417.000  0.3865339  0.0016360  0.0011568
   417.500  0.3876495  0.0070695  0.0049989
   418.000  0.4038470  0.0045439  0.0032131
   418.500  0.4065860  0.0086512  0.0061174
   419.000  0.4086427  0.0106704  0.0075451
   419.500  0.4081155  0.0103496  0.0073183
   420.000  0.4073682  0.0101131  0.0071511
   420.500  0.4119255  0.0111473  0.0078823
   421.000  0.4118576  0.0028657  0.0020264
   421.500  0.4217458  0.0135046  0.0095492
   422.000  0.4235332  0.0056698  0.0040091
   422.500  0.4294266  0.0139841  0.0098883
   423.000  0.4307161  0.0119490  0.0084492
   423.500  0.4393819  0.0093409  0.0066050
   424.000  0.4368414  0.0095981  0.0067869
   424.500  0.4471766  0.0093559  0.0066156
   425.000  0.4526628  0.0134009  0.0094758
   425.500  0.4528143  0.0095662  0.0067644
   426.000  0.4594921  0.0093534  0.0066138
   426.500  0.4571599  0.0082834  0.0058572
   427.000  0.4631614  0.0081505  0.0057632
   427.500  0.4641860  0.0033811  0.0023908
   428.000  0.4537465  0.0079242  0.0056033
   428.500  0.4634065  0.0059409  0.0042008
   429.000  0.4661248  0.0146924  0.0103891
   429.500  0.4731578  0.0128409  0.0090799
   430.000  0.4862563  0.0076961  0.0054419
   430.500  0.4856725  0.0075928  0.0053689
   431.000  0.4827124  0.0035797  0.0025313
   431.500  0.4778449  0.0062866  0.0044453
   432.000  0.4789405  0.0150832  0.0106654
   432.500  0.4861044  0.0080363  0.0056825
   433.000  0.4908999  0.0095661  0.0067642
   433.500  0.4906545  0.0068785  0.0048638
   434.000  0.5093958  0.0161391  0.0114121
   434.500  0.5152526  0.0226761  0.0160344
   435.000  0.5361274  0.0140678  0.0099474
   435.500  0.5280244  0.0164388  0.0116240
   436.000  0.5228270  0.0127633  0.0090250
   436.500  0.5190094  0.0126456  0.0089418
   437.000  0.5155072  0.0074233  0.0052491
   437.500  0.5350102  0.0142660  0.0100876
   438.000  0.5375123  0.0072486  0.0051255
   438.500  0.5482063  0.0218852  0.0154752
   439.000  0.5474416  0.0094338  0.0066707
   439.500  0.5433863  0.0168166  0.0118911
   440.000  0.5489915  0.0122136  0.0086363
   440.500  0.5528327  0.0077894  0.0055079
   441.000  0.5547887  0.0150920  0.0106717
   441.500  0.5723632  0.0118687  0.0083924
   442.000  0.5704995  0.0129847  0.0091816
   442.500  0.5713027  0.0143777  0.0101666
   443.000  0.5801555  0.0159838  0.0113023
   443.500  0.5758818  0.0155859  0.0110209
   444.000  0.5797014  0.0134925  0.0095407
   444.500  0.5852960  0.0072216  0.0051064
   445.000  0.5770799  0.0137381  0.0097143
   445.500  0.5903155  0.0103411  0.0073122
   446.000  0.5936090  0.0167297  0.0118297
   446.500  0.6045989  0.0172857  0.0122229
   447.000  0.6155530  0.0177625  0.0125600
   447.500  0.6108130  0.0178207  0.0126012
   448.000  0.6209544  0.0194792  0.0137739
   448.500  0.6127930  0.0122182  0.0086396
   449.000  0.6211549  0.0197853  0.0139903
   449.500  0.6186892  0.0127200  0.0089944
   450.000  0.6197570  0.0239932  0.0169658
   450.500  0.6151985  0.0189712  0.0134147
   451.000  0.6267050  0.0151250  0.0106950
   451.500  0.6252165  0.0241651  0.0170873
   452.000  0.6382050  0.0136599  0.0096590
   452.500  0.6396202  0.0202481  0.0143176
   453.000  0.6403238  0.0111320  0.0078715
   453.500  0.6501514  0.0125431  0.0088693
   454.000  0.6512524  0.0160357  0.0113390
   454.500  0.6629205  0.0173689  0.0122817
   455.000  0.6713928  0.0173329  0.0122562
   455.500  0.6638844  0.0243040  0.0171855
   456.000  0.6694279  0.0133760  0.0094583
   456.500  0.6696188  0.0157770  0.0111560
   457.000  0.6692449  0.0161663  0.0114313
   457.500  0.6690211  0.0084257  0.0059579
   458.000  0.6692873  0.0128504  0.0090866
   458.500  0.6857876  0.0089014  0.0062943
   459.000  0.6870396  0.0127843  0.0090399
   459.500  0.6940017  0.0201035  0.0142153
   460.000  0.6943516  0.0168892  0.0119425
   460.500  0.6957286  0.0233493  0.0165105
   461.000  0.6990711  0.0173469  0.0122661
   461.500  0.7100313  0.0158118  0.0111806
   462.000  0.6970733  0.0234645  0.0165919
   462.500  0.7115296  0.0112590  0.0079614
   463.000  0.7073133  0.0222938  0.0157641
   463.500  0.7094702  0.0153315  0.0108410
   464.000  0.7164786  0.0208702  0.0147575
   464.500  0.7093076  0.0189054  0.0133681
   465.000  0.7242555  0.0239586  0.0169413
   465.500  0.7173874  0.0137996  0.0097578
   466.000  0.7244918  0.0221481  0.0156610
   466.500  0.7278508  0.0139194  0.0098425
   467.000  0.7266518  0.0213259  0.0150797
   467.500  0.7339954  0.0204522  0.0144619
   468.000  0.7452621  0.0095302  0.0067389
   468.500  0.7338480  0.0190185  0.0134481
   469.000  0.7457518  0.0125240  0.0088558
   469.500  0.7417995  0.0188843  0.0133533
   470.000  0.7394778  0.0146488  0.0103582
   470.500  0.7407367  0.0141122  0.0099789
   471.000  0.7422460  0.0138672  0.0098056
   471.500  0.7544074  0.0122961  0.0086946
   472.000  0.7619090  0.0123979  0.0087667
   472.500  0.7538923  0.0139485  0.0098630
   473.000  0.7636847  0.0100633  0.0071159
   473.500  0.7626074  0.0236752  0.0167409
   474.000  0.7644468  0.0234267  0.0165652
   474.500  0.7719834  0.0184986  0.0130805
   475.000  0.7633128  0.0193972  0.0137159
   475.500  0.7832321  0.0208454  0.0147399
   476.000  0.7797724  0.0182256  0.0128874
   476.500  0.7881053  0.0251884  0.0178109
   477.000  0.7894041  0.0177661  0.0125625
   477.500  0.7933516  0.0263798  0.0186533
   478.000  0.7937825  0.0248782  0.0175916
   478.500  0.8023162  0.0216654  0.0153197
   479.000  0.7907467  0.0322806  0.0228258
   479.500  0.7954682  0.0104061  0.0073582
   480.000  0.8040076  0.0235845  0.0166768
   480.500  0.7989286  0.0176528  0.0124824
   481.000  0.8079146  0.0192696  0.0136257
   481.500  0.8055192  0.0209908  0.0148427
   482.000  0.8163898  0.0194994  0.0137881
   482.500  0.8205042  0.0171224  0.0121074
   483.000  0.8219481  0.0222789  0.0157535
   483.500  0.8227847  0.0169341  0.0119742
   484.000  0.8133279  0.0200089  0.0141484
   484.500  0.8184050  0.0205089  0.0145019
   485.000  0.8379360  0.0156941  0.0110974
   485.500  0.8618371  0.0313350  0.0221572
   486.000  0.8813187  0.0063624  0.0044989
   486.500  0.8111444  0.0121252  0.0085738
   487.000  0.8123662  0.0005783  0.0004089
   487.500  0.8236885  0.0084852  0.0060000
   488.000  0.8290818  0.0215873  0.0152645
   488.500  0.8351738  0.0156636  0.0110759
   489.000  0.8418884  0.0138496  0.0097931
   489.500  0.8367469  0.0190581  0.0134761
   490.000  0.8491248  0.0106250  0.0075130
   490.500  0.8476755  0.0270901  0.0191556
   491.000  0.8476564  0.0203727  0.0144056
   491.500  0.8754821  0.0224828  0.0158977
   492.000  0.8720995  0.0175584  0.0124157
   492.500  0.8921536  0.0245452  0.0173561
   493.000  0.8809140  0.0176319  0.0124676
   493.500  0.8969772  0.0228534  0.0161598
   494.000  0.8903910  0.0192039  0.0135792
   494.500  0.8764270  0.0214796  0.0151884
   495.000  0.8818748  0.0221508  0.0156630
   495.500  0.8963030  0.0164659  0.0116431
   496.000  0.8856390  0.0274393  0.0194026
   496.500  0.8870241  0.0122473  0.0086601
   497.000  0.8758721  0.0266997  0.0188795
   497.500  0.8702186  0.0158763  0.0112263
   498.000  0.8894328  0.0112169  0.0079316
   498.500  0.8949156  0.0149397  0.0105640
   499.000  0.8943930  0.0095575  0.0067582
   499.500  0.9007874  0.0147427  0.0104247
   500.000  0.9068121  0.0220676  0.0156041
   500.500  0.9101877  0.0179726  0.0127085
   501.000  0.9081996  0.0228033  0.0161244
   501.500  0.9164690  0.0261384  0.0184826
   502.000  0.9274368  0.0188172  0.0133057
   502.500  0.8980513  0.0259779  0.0183691
   503.000  0.9198219  0.0224579  0.0158801
   503.500  0.9065739  0.0174336  0.0123274
   504.000  0.9173857  0.0264510  0.0187037
   504.500  0.9130193  0.0214034  0.0151345
   505.000  0.9198267  0.0278065  0.0196622
   505.500  0.9228105  0.0244132  0.0172627
   506.000  0.9164794  0.0177341  0.0125399
   506.500  0.9224125  0.0268023  0.0189521
   507.000  0.9210098  0.0095391  0.0067452
   507.500  0.9240643  0.0283809  0.0200683
   508.000  0.9206137  0.0184010  0.0130115
   508.500  0.9246843  0.0217457  0.0153765
   509.000  0.9078331  0.0228933  0.0161880
   509.500  0.9281263  0.0141754  0.0100236
   510.000  0.9247856  0.0149443  0.0105672
   510.500  0.9184518  0.0127531  0.0090178
   511.000  0.9170735  0.0116446  0.0082340
   511.500  0.9034011  0.0164353  0.0116215
   512.000  0.9129544  0.0144062  0.0101867
   512.500  0.9335458  0.0058391  0.0041289
   513.000  0.9242916  0.0183032  0.0129423
   513.500  0.9421392  0.0135229  0.0095621
   514.000  0.9341142  0.0258824  0.0183016
   514.500  0.9359327  0.0249483  0.0176411
   515.000  0.9408982  0.0172826  0.0122206
   515.500  0.9424749  0.0205838  0.0145549
   516.000  0.9453041  0.0166659  0.0117846
   516.500  0.9618050  0.0202404  0.0143121
   517.000  0.9665116  0.0244132  0.0172627
   517.500  0.9472179  0.0172779  0.0122174
   518.000  0.9517777  0.0330925  0.0234000
   518.500  0.9503335  0.0191182  0.0135186
   519.000  0.9692266  0.0206538  0.0146045
   519.500  0.9491116  0.0186679  0.0132002
   520.000  0.9761846  0.0186019  0.0131535
   520.500  0.9711103  0.0248541  0.0175745
   521.000  0.9719304  0.0280696  0.0198482
   521.500  0.9662987  0.0241834  0.0171003
   522.000  0.9543127  0.0247862  0.0175265
   522.500  0.9621838  0.0259383  0.0183412
   523.000  0.9578484  0.0197503  0.0139656
   523.500  0.9515240  0.0322054  0.0227727
   524.000  0.9510336  0.0109933  0.0077734
   524.500  0.9463968  0.0198049  0.0140042
   525.000  0.9423047  0.0220608  0.0155993
   525.500  0.9429397  0.0139986  0.0098985
   526.000  0.9401314  0.0264533  0.0187053
   526.500  0.9635911  0.0192632  0.0136211
   527.000  0.9670221  0.0200673  0.0141897
   527.500  0.9631177  0.0203695  0.0144034
   528.000  0.9569922  0.0187296  0.0132439
   528.500  0.9465896  0.0227392  0.0160791
   529.000  0.9380344  0.0190831  0.0134938
   529.500  0.9461469  0.0151852  0.0107376
   530.000  0.9345016  0.0198521  0.0140375
   530.500  0.9619010  0.0165466  0.0117002
   531.000  0.9527436  0.0258861  0.0183043
   531.500  0.9625818  0.0280448  0.0198307
   532.000  0.9531513  0.0236674  0.0167353
   532.500  0.9499677  0.0284300  0.0201030
   533.000  0.9612882  0.0210873  0.0149110
   533.500  0.9535118  0.0139404  0.0098574
   534.000  0.9525953  0.0247756  0.0175190
   534.500  0.9393997  0.0132492  0.0093686
   535.000  0.9319469  0.0351591  0.0248613
   535.500  0.9234204  0.0230697  0.0163127
   536.000  0.9549671  0.0167500  0.0118440
   536.500  0.9424716  0.0266407  0.0188378
   537.000  0.9592181  0.0181440  0.0128297
   537.500  0.9428798  0.0216349  0.0152982
   538.000  0.9351557  0.0141793  0.0100263
   538.500  0.9346157  0.0120069  0.0084901
   539.000  0.9302975  0.0138551  0.0097970
   539.500  0.9406286  0.0146013  0.0103247
   540.000  0.9520940  0.0169135  0.0119597
   540.500  0.9469877  0.0217106  0.0153517
   541.000  0.9449103  0.0148298  0.0104863
   541.500  0.9293585  0.0230946  0.0163303
   542.000  0.9280102  0.0195967  0.0138570
   542.500  0.9402386  0.0095576  0.0067582
   543.000  0.9383397  0.0183786  0.0129957
   543.500  0.9387898  0.0105162  0.0074361
   544.000  0.9297600  0.0163538  0.0115638
   544.500  0.9345365  0.0246851  0.0174550
   545.000  0.9275671  0.0148408  0.0104940
   545.500  0.9312512  0.0279280  0.0197481
   546.000  0.9164181  0.0161660  0.0114311
   546.500  0.9314129  0.0206048  0.0145698
   547.000  0.9132847  0.0255256  0.0180493
   547.500  0.9322837  0.0185890  0.0131444
   548.000  0.9206371  0.0210150  0.0148598
   548.500  0.9192331  0.0221334  0.0156507
   549.000  0.9320443  0.0184780  0.0130659
   549.500  0.9241792  0.0188102  0.0133009
   550.000  0.9295149  0.0218962  0.0154829
   550.500  0.9231177  0.0149662  0.0105827
   551.000  0.9284861  0.0230385  0.0162907
   551.500  0.9135243  0.0122409  0.0086556
   552.000  0.9074568  0.0203222  0.0143700
   552.500  0.9126490  0.0200330  0.0141655
   553.000  0.9247060  0.0118332  0.0083673
   553.500  0.9099188  0.0250741  0.0177300
   554.000  0.9238011  0.0135800  0.0096025
   554.500  0.9151928  0.0201400  0.0142411
   555.000  0.9070029  0.0164824  0.0116548
   555.500  0.9021100  0.0170241  0.0120379
   556.000  0.8959698  0.0211478  0.0149537
   556.500  0.9030820  0.0142978  0.0101101
   557.000  0.9168999  0.0152685  0.0107965
   557.500  0.9027764  0.0180592  0.0127698
   558.000  0.9140848  0.0174787  0.0123593
   558.500  0.9019253  0.0269020  0.0190226
   559.000  0.9065337  0.0284238  0.0200987
   559.500  0.9222778  0.0156959  0.0110987
   560.000  0.9082800  0.0207682  0.0146853
   560.500  0.9126266  0.0208806  0.0147648
   561.000  0.9001853  0.0212129  0.0149998
   561.500  0.9128687  0.0314427  0.0222333
   562.000  0.9045439  0.0208718  0.0147586
   562.500  0.9099493  0.0348708  0.0246573
   563.000  0.8977103  0.0225272  0.0159292
   563.500  0.9043144  0.0206798  0.0146229
   564.000  0.8891047  0.0260612  0.0184281
   564.500  0.8943975  0.0179141  0.0126672
   565.000  0.8866228  0.0271845  0.0192223
   565.500  0.8910808  0.0198512  0.0140369
   566.000  0.9020925  0.0144809  0.0102395
   566.500  0.8936030  0.0191412  0.0135349
   567.000  0.8922644  0.0175299  0.0123955
   567.500  0.8838157  0.0176497  0.0124803
   568.000  0.8819933  0.0195748  0.0138415
   568.500  0.8889684  0.0145539  0.0102912
   569.000  0.8788685  0.0171121  0.0121001
   569.500  0.8761547  0.0190600  0.0134775
   570.000  0.8833123  0.0080932  0.0057228
   570.500  0.8684189  0.0222987  0.0157676
   571.000  0.8768075  0.0133052  0.0094082
   571.500  0.8655332  0.0181797  0.0128550
   572.000  0.8724247  0.0272712  0.0192837
   572.500  0.8673437  0.0182420  0.0128990
   573.000  0.8755439  0.0312440  0.0220928
   573.500  0.8670019  0.0186291  0.0131728
   574.000  0.8772559  0.0195926  0.0138541
   574.500  0.8709655  0.0189340  0.0133884
   575.000  0.8816073  0.0185435  0.0131122
   575.500  0.8714064  0.0267523  0.0189167
   576.000  0.8604394  0.0240701  0.0170201
   576.500  0.8697654  0.0206082  0.0145722
   577.000  0.8625627  0.0242414  0.0171413
   577.500  0.8806559  0.0209037  0.0147811
   578.000  0.8718808  0.0126920  0.0089746
   578.500  0.8761812  0.0195402  0.0138170
   579.000  0.8670560  0.0125437  0.0088698
   579.500  0.8680261  0.0194267  0.0137368
   580.000  0.8669748  0.0161094  0.0113910
   580.500  0.8691620  0.0074611  0.0052758
   581.000  0.8593037  0.0194921  0.0137830
   581.500  0.8684402  0.0105669  0.0074719
   582.000  0.8510943  0.0219193  0.0154993
   582.500  0.8462968  0.0177705  0.0125656
   583.000  0.8525257  0.0111818  0.0079068
   583.500  0.8499284  0.0147362  0.0104201
   584.000  0.8523304  0.0103558  0.0073227
   584.500  0.8606379  0.0173199  0.0122470
   585.000  0.8536900  0.0162240  0.0114721
   585.500  0.8583189  0.0174485  0.0123379
   586.000  0.8432171  0.0216934  0.0153395
   586.500  0.8414280  0.0228547  0.0161607
   587.000  0.8544944  0.0163933  0.0115918
   587.500  0.8427828  0.0253513  0.0179261
   588.000  0.8512678  0.0283454  0.0200432
   588.500  0.8396556  0.0281227  0.0198857
   589.000  0.8495069  0.0343608  0.0242968
   589.500  0.8314801  0.0179744  0.0127099
   590.000  0.8191742  0.0249618  0.0176507
   590.500  0.8166457  0.0178490  0.0126211
   591.000  0.8260023  0.0214446  0.0151636
   591.500  0.8150085  0.0265965  0.0188066
   592.000  0.8162320  0.0167337  0.0118325
   592.500  0.8187650  0.0205169  0.0145076
   593.000  0.8163966  0.0184529  0.0130482
   593.500  0.8228970  0.0164774  0.0116513
   594.000  0.8074670  0.0243913  0.0172473
   594.500  0.8172405  0.0197034  0.0139324
   595.000  0.8156022  0.0180199  0.0127420
   595.500  0.8167112  0.0194517  0.0137544
   596.000  0.8179218  0.0179921  0.0127223
   596.500  0.8124238  0.0228009  0.0161227
   597.000  0.8131045  0.0253478  0.0179236
   597.500  0.8191030  0.0171307  0.0121132
   598.000  0.8107800  0.0223752  0.0158216
   598.500  0.8191833  0.0164490  0.0116312
   599.000  0.8110798  0.0214078  0.0151376
   599.500  0.8134387  0.0299042  0.0211455
   600.000  0.8060615  0.0221617  0.0156707
   600.500  0.8069337  0.0295931  0.0209255
   601.000  0.8081285  0.0196912  0.0139238
   601.500  0.8124045  0.0262529  0.0185636
   602.000  0.8068342  0.0261502  0.0184910
   602.500  0.8073529  0.0232304  0.0164263
   603.000  0.8007880  0.0309323  0.0218725
   603.500  0.7958962  0.0259206  0.0183287
   604.000  0.8146320  0.0178228  0.0126026
   604.500  0.7900974  0.0232496  0.0164399
   605.000  0.7988059  0.0195329  0.0138119
   605.500  0.7861887  0.0207998  0.0147076
   606.000  0.7902178  0.0247160  0.0174769
   606.500  0.7922873  0.0183962  0.0130081
   607.000  0.7882103  0.0196233  0.0138758
   607.500  0.7910641  0.0187425  0.0132530
   608.000  0.7959300  0.0185122  0.0130901
   608.500  0.7905941  0.0233712  0.0165260
   609.000  0.7917721  0.0157379  0.0111284
   609.500  0.7872515  0.0230256  0.0162815
   610.000  0.7861053  0.0222340  0.0157218
   610.500  0.7955768  0.0161663  0.0114313
   611.000  0.7871999  0.0267940  0.0189462
   611.500  0.7829584  0.0212712  0.0150410
   612.000  0.7806515  0.0279930  0.0197940
   612.500  0.7777034  0.0253513  0.0179261
   613.000  0.7763210  0.0226292  0.0160013
   613.500  0.7731804  0.0242799  0.0171685
   614.000  0.7748469  0.0225147  0.0159203
   614.500  0.7830793  0.0188341  0.0133178
   615.000  0.7688126  0.0243652  0.0172288
   615.500  0.7850712  0.0261618  0.0184992
   616.000  0.7689077  0.0220439  0.0155874
   616.500  0.7680282  0.0304221  0.0215117
   617.000  0.7639766  0.0207697  0.0146864
   617.500  0.7533088  0.0311342  0.0220152
   618.000  0.7488480  0.0248157  0.0175473
   618.500  0.7487204  0.0232758  0.0164585
   619.000  0.7422258  0.0260181  0.0183975
   619.500  0.7328095  0.0223777  0.0158234
   620.000  0.7349004  0.0268396  0.0189785
   620.500  0.7343504  0.0236449  0.0167195
   621.000  0.7445076  0.0187303  0.0132443
   621.500  0.7279444  0.0247646  0.0175113
   622.000  0.7409526  0.0212482  0.0150248
   622.500  0.7368472  0.0248209  0.0175511
   623.000  0.7348540  0.0241433  0.0170719
   623.500  0.7350929  0.0222751  0.0157508
   624.000  0.7315881  0.0238745  0.0168819
   624.500  0.7338254  0.0219592  0.0155275
   625.000  0.7348857  0.0199697  0.0141207
   625.500  0.7210596  0.0234531  0.0165838
   626.000  0.7239009  0.0237677  0.0168063
   626.500  0.7164688  0.0293914  0.0207829
   627.000  0.7221130  0.0357923  0.0253089
   627.500  0.7302658  0.0220572  0.0155968
   628.000  0.7306391  0.0336815  0.0238164
   628.500  0.7166143  0.0242368  0.0171380
   629.000  0.7084952  0.0279687  0.0197769
   629.500  0.7049916  0.0272438  0.0192642
   630.000  0.7067152  0.0246239  0.0174117
   630.500  0.7091015  0.0292963  0.0207156
   631.000  0.7029937  0.0228253  0.0161399
   631.500  0.7110862  0.0270951  0.0191591
   632.000  0.6919842  0.0272478  0.0192671
   632.500  0.6952493  0.0260252  0.0184026
   633.000  0.6850582  0.0234195  0.0165601
   633.500  0.6845453  0.0266874  0.0188708
   634.000  0.6832370  0.0232343  0.0164291
   634.500  0.6849147  0.0251188  0.0177617
   635.000  0.6881046  0.0236999  0.0167584
   635.500  0.6810399  0.0255282  0.0180512
   636.000  0.6789169  0.0277394  0.0196148
   636.500  0.6820780  0.0238082  0.0168350
   637.000  0.6802728  0.0263838  0.0186562
   637.500  0.6735335  0.0247071  0.0174705
   638.000  0.6787870  0.0175231  0.0123907
   638.500  0.6722257  0.0279799  0.0197848
   639.000  0.6813204  0.0190216  0.0134503
   639.500  0.6745047  0.0247433  0.0174962
   640.000  0.6692121  0.0278818  0.0197154
   640.500  0.6721929  0.0264733  0.0187194
   641.000  0.6710315  0.0273459  0.0193365
   641.500  0.6688824  0.0246008  0.0173954
   642.000  0.6733145  0.0261554  0.0184947
   642.500  0.6552161  0.0216529  0.0153109
   643.000  0.6613611  0.0249340  0.0176310
   643.500  0.6452595  0.0230760  0.0163172
   644.000  0.6441322  0.0285023  0.0201542
   644.500  0.6462144  0.0218959  0.0154827
   645.000  0.6369149  0.0281164  0.0198813
   645.500  0.6371765  0.0204956  0.0144925
   646.000  0.6288826  0.0221716  0.0156777
   646.500  0.6238951  0.0248834  0.0175952
   647.000  0.6172833  0.0215332  0.0152263
   647.500  0.6164812  0.0270078  0.0190974
   648.000  0.6126048  0.0214262  0.0151506
   648.500  0.6199225  0.0196859  0.0139200
   649.000  0.6107870  0.0246290  0.0174153
   649.500  0.6231480  0.0195982  0.0138581
   650.000  0.6126773  0.0236522  0.0167246
   650.500  0.6093654  0.0234853  0.0166066
   651.000  0.6165392  0.0207552  0.0146761
   651.500  0.6141492  0.0252171  0.0178311
   652.000  0.6130597  0.0211891  0.0149830
   652.500  0.6133723  0.0207708  0.0146871
   653.000  0.6118366  0.0247219  0.0174810
   653.500  0.6068900  0.0264262  0.0186862
   654.000  0.6002619  0.0288423  0.0203946
   654.500  0.6025632  0.0357692  0.0252926
   655.000  0.6035874  0.0290001  0.0205062
   655.500  0.6040394  0.0433177  0.0306302
   656.000  0.6389535  0.0366964  0.0259483
   656.500  0.6322047  0.0177389  0.0125433
   657.000  0.5857465  0.0006380  0.0004511
   657.500  0.5719498  0.0017710  0.0012523
   658.000  0.5741610  0.0102731  0.0072642
   658.500  0.5732388  0.0099628  0.0070447
   659.000  0.5760909  0.0161064  0.0113890
   659.500  0.5706530  0.0183214  0.0129552
   660.000  0.5798829  0.0177817  0.0125736
   660.500  0.5761525  0.0157719  0.0111524
   661.000  0.5718999  0.0187161  0.0132343
   661.500  0.5737834  0.0119932  0.0084805
   662.000  0.5688352  0.0177385  0.0125430
   662.500  0.5694018  0.0149462  0.0105686
   663.000  0.5661113  0.0160794  0.0113699
   663.500  0.5652255  0.0215358  0.0152281
   664.000  0.5613529  0.0192355  0.0136016
   664.500  0.5590254  0.0165453  0.0116993
   665.000  0.5574489  0.0153788  0.0108745
   665.500  0.5628566  0.0133952  0.0094719
   666.000  0.5583353  0.0183615  0.0129835
   666.500  0.5606868  0.0145671  0.0103005
   667.000  0.5562851  0.0185071  0.0130865
   667.500  0.5588064  0.0194332  0.0137413
   668.000  0.5581542  0.0180327  0.0127511
   668.500  0.5534735  0.0201771  0.0142674
   669.000  0.5487610  0.0149369  0.0105619
   669.500  0.5512849  0.0199275  0.0140909
   670.000  0.5452541  0.0137260  0.0097057
   670.500  0.5515755  0.0171488  0.0121260
   671.000  0.5480212  0.0159624  0.0112871
   671.500  0.5499288  0.0147680  0.0104425
   672.000  0.5516448  0.0047680  0.0033715
   672.500  0.5377827  0.0156453  0.0110629
   673.000  0.5432249  0.0135054  0.0095498
   673.500  0.5398969  0.0150458  0.0106390
   674.000  0.5429795  0.0184789  0.0130666
   674.500  0.5398853  0.0117643  0.0083186
   675.000  0.5394440  0.0157431  0.0111321
   675.500  0.5352119  0.0108825  0.0076951
   676.000  0.5349218  0.0111251  0.0078666
   676.500  0.5290848  0.0142257  0.0100591
   677.000  0.5341862  0.0104068  0.0073587
   677.500  0.5297567  0.0139250  0.0098464
   678.000  0.5229664  0.0153262  0.0108373
   678.500  0.5222275  0.0127717  0.0090309
   679.000  0.5120522  0.0140384  0.0099266
   679.500  0.5106014  0.0073223  0.0051776
   680.000  0.5092170  0.0109283  0.0077275
   680.500  0.5046618  0.0110636  0.0078231
   681.000  0.5055207  0.0144169  0.0101943
   681.500  0.5005458  0.0163966  0.0115942
   682.000  0.4999831  0.0161344  0.0114088
   682.500  0.4987136  0.0100621  0.0071150
   683.000  0.4953208  0.0158251  0.0111900
   683.500  0.5016894  0.0114281  0.0080809
   684.000  0.4977389  0.0147640  0.0104397
   684.500  0.4951161  0.0177797  0.0125722
   685.000  0.4887065  0.0112661  0.0079663
   685.500  0.4848173  0.0225972  0.0159786
   686.000  0.4642139  0.0223578  0.0158093
   686.500  0.4406328  0.0264909  0.0187319
   687.000  0.4121986  0.0131464  0.0092959
   687.500  0.4132380  0.0048446  0.0034256
   688.000  0.4219173  0.0043099  0.0030476
   688.500  0.4276741  0.0098476  0.0069633
   689.000  0.4341781  0.0066636  0.0047119
   689.500  0.4329547  0.0083746  0.0059218
   690.000  0.4443801  0.0077691  0.0054936
   690.500  0.4527433  0.0086341  0.0061052
   691.000  0.4544957  0.0091876  0.0064966
   691.500  0.4511384  0.0122912  0.0086912
   692.000  0.4450684  0.0167957  0.0118764
   692.500  0.4440667  0.0170517  0.0120574
   693.000  0.4418677  0.0161563  0.0114243
   693.500  0.4352585  0.0200472  0.0141755
   694.000  0.4363692  0.0156911  0.0110953
   694.500  0.4338060  0.0131646  0.0093088
   695.000  0.4280558  0.0140629  0.0099440
   695.500  0.4325448  0.0085271  0.0060296
   696.000  0.4317207  0.0112131  0.0079289
   696.500  0.4347680  0.0054901  0.0038821
   697.000  0.4373130  0.0111533  0.0078865
   697.500  0.4313385  0.0118359  0.0083692
   698.000  0.4331237  0.0141734  0.0100221
   698.500  0.4249232  0.0110804  0.0078351
   699.000  0.4221894  0.0137501  0.0097228
   699.500  0.4224503  0.0118010  0.0083445
   700.000  0.4192133  0.0135079  0.0095516
   700.500  0.4266638  0.0087916  0.0062166
   701.000  0.4241174  0.0084916  0.0060045
   701.500  0.4264071  0.0125404  0.0088674
   702.000  0.4203916  0.0087591  0.0061937
   702.500  0.4219040  0.0097301  0.0068802
   703.000  0.4192284  0.0036092  0.0025521
   703.500  0.4199772  0.0063244  0.0044720
   704.000  0.4250065  0.0106583  0.0075366
   704.500  0.4287937  0.0129281  0.0091416
   705.000  0.4232786  0.0165228  0.0116834
   705.500  0.4201617  0.0120534  0.0085230
   706.000  0.4208903  0.0025579  0.0018087
   706.500  0.4122400  0.0087020  0.0061532
   707.000  0.4131763  0.0059264  0.0041906
   707.500  0.4102501  0.0118743  0.0083964
   708.000  0.4059894  0.0141334  0.0099938
   708.500  0.4071073  0.0124245  0.0087854
   709.000  0.4053524  0.0098926  0.0069952
   709.500  0.4071594  0.0103068  0.0072880
   710.000  0.4052931  0.0077585  0.0054861
   710.500  0.4023199  0.0092241  0.0065224
   711.000  0.4033165  0.0094825  0.0067052
   711.500  0.3992064  0.0118490  0.0083785
   712.000  0.3979384  0.0190442  0.0134663
   712.500  0.3919248  0.0108524  0.0076738
   713.000  0.3932319  0.0172149  0.0121727
   713.500  0.3909512  0.0107164  0.0075776
   714.000  0.3813806  0.0124250  0.0087858
   714.500  0.3757378  0.0111530  0.0078864
   715.000  0.3736205  0.0104966  0.0074223
   715.500  0.3610341  0.0110020  0.0077796
   716.000  0.3498643  0.0132855  0.0093943
   716.500  0.3418929  0.0131114  0.0092712
   717.000  0.3274556  0.0159240  0.0112600
   717.500  0.3228944  0.0133580  0.0094455
   718.000  0.3180072  0.0136035  0.0096191
   718.500  0.3195350  0.0112704  0.0079694
   719.000  0.3190947  0.0056074  0.0039651
   719.500  0.3203875  0.0061910  0.0043777
   720.000  0.3312808  0.0032457  0.0022951
   720.500  0.3385398  0.0030453  0.0021534
   721.000  0.3343216  0.0017846  0.0012619
   721.500  0.3318077  0.0023809  0.0016836
   722.000  0.3279814  0.0037050  0.0026199
   722.500  0.3238512  0.0083523  0.0059059
   723.000  0.3206528  0.0095406  0.0067462
   723.500  0.3177239  0.0123513  0.0087337
   724.000  0.3160161  0.0097929  0.0069246
   724.500  0.3169846  0.0102269  0.0072315
   725.000  0.3148574  0.0123188  0.0087107
   725.500  0.3156279  0.0108645  0.0076824
   726.000  0.3101041  0.0086205  0.0060956
   726.500  0.3071508  0.0069520  0.0049158
   727.000  0.3049786  0.0077114  0.0054527
   727.500  0.3105103  0.0086553  0.0061202
   728.000  0.3144361  0.0096380  0.0068151
   728.500  0.3073132  0.0115443  0.0081630
   729.000  0.3123769  0.0117850  0.0083333
   729.500  0.3084585  0.0067499  0.0047729
   730.000  0.3057585  0.0081756  0.0057810
   730.500  0.3048507  0.0045042  0.0031850
   731.000  0.3079753  0.0036136  0.0025552
   731.500  0.3087847  0.0019235  0.0013602
   732.000  0.3134542  0.0009042  0.0006394
   732.500  0.3147473  0.0012124  0.0008573
   733.000  0.3165908  0.0018695  0.0013220
   733.500  0.3160376  0.0015075  0.0010659
   734.000  0.3137755  0.0048424  0.0034241
   734.500  0.3135784  0.0057384  0.0040576
   735.000  0.3130882  0.0033721  0.0023845
   735.500  0.3140395  0.0049810  0.0035221
   736.000  0.3132077  0.0053764  0.0038017
   736.500  0.3112715  0.0070035  0.0049522
   737.000  0.3117846  0.0048324  0.0034170
   737.500  0.3108028  0.0053409  0.0037766
   738.000  0.3077969  0.0055574  0.0039297
   738.500  0.3050171  0.0044288  0.0031316
   739.000  0.3023231  0.0052458  0.0037093
   739.500  0.3029374  0.0073283  0.0051819
   740.000  0.3043263  0.0041807  0.0029562
   740.500  0.3021648  0.0059044  0.0041750
   741.000  0.3053384  0.0036844  0.0026053
   741.500  0.3004386  0.0051692  0.0036552
   742.000  0.2953769  0.0054628  0.0038628
   742.500  0.2989516  0.0039226  0.0027737
   743.000  0.2966749  0.0030714  0.0021718
   743.500  0.2945609  0.0018242  0.0012899
   744.000  0.2949316  0.0026296  0.0018594
   744.500  0.2945677  0.0040682  0.0028767
   745.000  0.2979736  0.0057121  0.0040391
   745.500  0.2964374  0.0035250  0.0024926
   746.000  0.2982757  0.0058745  0.0041539
   746.500  0.2957058  0.0051374  0.0036327
   747.000  0.2935924  0.0088314  0.0062447
   747.500  0.2893435  0.0073232  0.0051782
   748.000  0.2861024  0.0075053  0.0053070
   748.500  0.2845401  0.0079126  0.0055950
   749.000  0.2841932  0.0063337  0.0044786
   749.500  0.2834110  0.0051847  0.0036661
   750.000  0.2819209  0.0043777  0.0030955
   750.500  0.2812784  0.0075769  0.0053577
   751.000  0.2738836  0.0044631  0.0031559
   751.500  0.2727459  0.0064450  0.0045573
   752.000  0.2687889  0.0048793  0.0034502
   752.500  0.2656253  0.0058197  0.0041152
   753.000  0.2649948  0.0041461  0.0029317
   753.500  0.2648624  0.0036986  0.0026153
   754.000  0.2630026  0.0032788  0.0023185
   754.500  0.2600596  0.0027929  0.0019749
   755.000  0.2581412  0.0026369  0.0018646
   755.500  0.2559987  0.0016475  0.0011650
   756.000  0.2543399  0.0036796  0.0026018
   756.500  0.2526718  0.0069540  0.0049172
   757.000  0.2490012  0.0083818  0.0059268
   757.500  0.2411476  0.0118018  0.0083451
   758.000  0.2287673  0.0117114  0.0082812
   758.500  0.2089981  0.0143222  0.0101273
   759.000  0.1815054  0.0180392  0.0127556
   759.500  0.1526023  0.0188614  0.0133370
   760.000  0.1332008  0.0159767  0.0112972
   760.500  0.1304900  0.0116921  0.0082676
   761.000  0.1412870  0.0100948  0.0071381
   761.500  0.1470062  0.0062944  0.0044508
   762.000  0.1442723  0.0030669  0.0021686
   762.500  0.1363580  0.0019896  0.0014069
   763.000  0.1355263  0.0027130  0.0019184
   763.500  0.1422166  0.0036207  0.0025602
   764.000  0.1535352  0.0043723  0.0030916
   764.500  0.1643828  0.0058036  0.0041038
   765.000  0.1710372  0.0048203  0.0034085
   765.500  0.1777352  0.0011310  0.0007998
   766.000  0.1834096  0.0001880  0.0001329
   766.500  0.1899186  0.0000315  0.0000223
   767.000  0.1978655  0.0019412  0.0013726
   767.500  0.2033254  0.0032637  0.0023078
   768.000  0.2026177  0.0045034  0.0031844
   768.500  0.2029352  0.0055890  0.0039521
   769.000  0.2084545  0.0036359  0.0025710
   769.500  0.2128747  0.0028517  0.0020165
   770.000  0.2152667  0.0027410  0.0019382
   770.500  0.2144726  0.0042652  0.0030160
   771.000  0.2121820  0.0051484  0.0036405
   771.500  0.2083058  0.0048868  0.0034555
   772.000  0.2045607  0.0044167  0.0031231
   772.500  0.2072234  0.0039146  0.0027680
   773.000  0.2054170  0.0028659  0.0020265
   773.500  0.2052381  0.0046862  0.0033136
   774.000  0.2033915  0.0060894  0.0043059
   774.500  0.2002384  0.0076762  0.0054279
   775.000  0.1962812  0.0093606  0.0066189
   775.500  0.1938968  0.0105322  0.0074474
   776.000  0.1931909  0.0117704  0.0083229
   776.500  0.1916364  0.0102544  0.0072510
   777.000  0.1956013  0.0092178  0.0065180
   777.500  0.1936499  0.0033026  0.0023353
   778.000  0.1890694  0.0039441  0.0027889
   778.500  0.1860817  0.0040702  0.0028781
   779.000  0.1840777  0.0071708  0.0050705
   779.500  0.1818579  0.0064684  0.0045738
   780.000  0.1817002  0.0055532  0.0039267
   780.500  0.1828764  0.0049079  0.0034704
   781.000  0.1828810  0.0052536  0.0037149
   781.500  0.1855228  0.0079373  0.0056125
   782.000  0.1848707  0.0067208  0.0047523
   782.500  0.1842803  0.0063105  0.0044622
   783.000  0.1822334  0.0063057  0.0044588
   783.500  0.1797920  0.0059345  0.0041963
   784.000  0.1776187  0.0058075  0.0041065
   784.500  0.1778180  0.0036237  0.0025623
   785.000  0.1759577  0.0031486  0.0022264
   785.500  0.1735282  0.0035889  0.0025377
   786.000  0.1741358  0.0046960  0.0033206
   786.500  0.1728617  0.0073803  0.0052186
   787.000  0.1696564  0.0062519  0.0044208
   787.500  0.1680496  0.0063427  0.0044850
   788.000  0.1637750  0.0058332  0.0041247
   788.500  0.1644908  0.0083769  0.0059233
   789.000  0.1623414  0.0059133  0.0041813
   789.500  0.1627560  0.0049745  0.0035175
   790.000  0.1620112  0.0032754  0.0023161
   790.500  0.1614090  0.0041084  0.0029050
   791.000  0.1634125  0.0051916  0.0036710
   791.500  0.1635834  0.0049140  0.0034747
   792.000  0.1639150  0.0046068  0.0032575
   792.500  0.1627715  0.0033521  0.0023703
   793.000  0.1614593  0.0046746  0.0033054
   793.500  0.1562395  0.0026766  0.0018926
   794.000  0.1542444  0.0032582  0.0023039
   794.500  0.1520722  0.0040533  0.0028661
   795.000  0.1519307  0.0057896  0.0040939
   795.500  0.1529172  0.0066727  0.0047183
   796.000  0.1512488  0.0076632  0.0054187
   796.500  0.1480691  0.0066022  0.0046685
   797.000  0.1430869  0.0044621  0.0031552
   797.500  0.1419204  0.0041305  0.0029207
   798.000  0.1425991  0.0048989  0.0034640
   798.500  0.1390782  0.0016439  0.0011624
   799.000  0.1373473  0.0008901  0.0006294
   799.500  0.1357716  0.0016149  0.0011419
   800.000  0.1335346  0.0025449  0.0017996
   800.500  0.1337953  0.0023682  0.0016746
   801.000  0.1328493  0.0042473  0.0030033
   801.500  0.1331773  0.0047914  0.0033880
   802.000  0.1351586  0.0030870  0.0021828
   802.500  0.1363630  0.0020031  0.0014164
   803.000  0.1353017  0.0002932  0.0002074
   803.500  0.1365790  0.0000655  0.0000464
   804.000  0.1348083  0.0009286  0.0006566
   804.500  0.1333198  0.0002483  0.0001756
   805.000  0.1314410  0.0000273  0.0000193
   805.500  0.1304393  0.0011701  0.0008274
   806.000  0.1282790  0.0000513  0.0000363
   806.500  0.1273056  0.0021899  0.0015485
   807.000  0.1268819  0.0040306  0.0028500
   807.500  0.1253141  0.0040877  0.0028905
   808.000  0.1268527  0.0063530  0.0044922
   808.500  0.1260642  0.0065694  0.0046453
   809.000  0.1240122  0.0063081  0.0044605
   809.500  0.1225586  0.0042220  0.0029854
   810.000  0.1225592  0.0034138  0.0024139
   810.500  0.1223200  0.0039286  0.0027780
   811.000  0.1214487  0.0041436  0.0029300
   811.500  0.1209168  0.0043760  0.0030943
   812.000  0.1204930  0.0041603  0.0029418
   812.500  0.1152331  0.0051498  0.0036415
   813.000  0.1108445  0.0017836  0.0012612
   813.500  0.1083797  0.0006932  0.0004902
   814.000  0.1035891  0.0018068  0.0012776
   814.500  0.1022474  0.0042640  0.0030151
   815.000  0.1014380  0.0052370  0.0037031
   815.500  0.1006599  0.0056803  0.0040166
   816.000  0.1008840  0.0064421  0.0045553
   816.500  0.1014277  0.0052534  0.0037147
   817.000  0.1013286  0.0023712  0.0016767
   817.500  0.0979260  0.0024436  0.0017279
   818.000  0.0964356  0.0007749  0.0005480
   818.500  0.0968101  0.0028541  0.0020182
   819.000  0.0982079  0.0041054  0.0029029
   819.500  0.0996177  0.0026854  0.0018989
   820.000  0.1003957  0.0006232  0.0004407
   820.500  0.1007144  0.0004433  0.0003135
   821.000  0.0971064  0.0002436  0.0001723
   821.500  0.0924407  0.0007529  0.0005324
   822.000  0.0881318  0.0014876  0.0010519
   822.500  0.0867702  0.0010812  0.0007645
   823.000  0.0886445  0.0021434  0.0015156
   823.500  0.0888812  0.0006170  0.0004363
   824.000  0.0903323  0.0008811  0.0006231
   824.500  0.0899556  0.0006440  0.0004553
   825.000  0.0903729  0.0020309  0.0014360
   825.500  0.0903831  0.0016391  0.0011590
   826.000  0.0904757  0.0021836  0.0015440
   826.500  0.0893157  0.0024547  0.0017357
   827.000  0.0869923  0.0031533  0.0022298
   827.500  0.0857013  0.0045634  0.0032268
   828.000  0.0848477  0.0052168  0.0036889
   828.500  0.0879092  0.0056858  0.0040205
   829.000  0.0906515  0.0052692  0.0037259
   829.500  0.0884076  0.0029149  0.0020611
   830.000  0.0862632  0.0033718  0.0023842
   830.500  0.0851193  0.0038040  0.0026898
   831.000  0.0851469  0.0044230  0.0031276
   831.500  0.0843552  0.0050340  0.0035595
   832.000  0.0816104  0.0055949  0.0039562
   832.500  0.0804744  0.0053125  0.0037565
   833.000  0.0826740  0.0043070  0.0030455
   833.500  0.0855016  0.0063283  0.0044748
   834.000  0.0852064  0.0076171  0.0053861
   834.500  0.0872279  0.0075629  0.0053478
   835.000  0.0852818  0.0020874  0.0014760
   835.500  0.0845413  0.0013264  0.0009379
   836.000  0.0852025  0.0015049  0.0010641
   836.500  0.0861724  0.0019744  0.0013961
   837.000  0.0842089  0.0004822  0.0003409
   837.500  0.0817753  0.0036443  0.0025769
   838.000  0.0822847  0.0047294  0.0033442
   838.500  0.0837403  0.0035164  0.0024865
   839.000  0.0825917  0.0001969  0.0001392
   839.500  0.0840588  0.0018854  0.0013331
   840.000  0.0832183  0.0019593  0.0013854
   840.500  0.0838195  0.0030621  0.0021652
   841.000  0.0813731  0.0010167  0.0007189
   841.500  0.0759762  0.0008519  0.0006023
   842.000  0.0749357  0.0015410  0.0010897
   842.500  0.0762424  0.0011052  0.0007815
   843.000  0.0771630  0.0002462  0.0001741
   843.500  0.0767930  0.0000758  0.0000536
   844.000  0.0767871  0.0005264  0.0003723
   844.500  0.0760560  0.0016706  0.0011813
   845.000  0.0748028  0.0004301  0.0003041
   845.500  0.0743735  0.0020055  0.0014181
   846.000  0.0746964  0.0002648  0.0001872
   846.500  0.0748256  0.0023692  0.0016752
   847.000  0.0759328  0.0023895  0.0016896
   847.500  0.0744700  0.0024196  0.0017109
   848.000  0.0729518  0.0039142  0.0027678
   848.500  0.0707195  0.0047576  0.0033642
   849.000  0.0683506  0.0035411  0.0025039
   849.500  0.0708399  0.0032053  0.0022665
   850.000  0.0712119  0.0061835  0.0043724
   850.500  0.0708432  0.0092015  0.0065064
   851.000  0.0694010  0.0060790  0.0042985
   851.500  0.0705930  0.0041843  0.0029587
   852.000  0.0688855  0.0035339  0.0024988
   852.500  0.0666681  0.0016492  0.0011662
   853.000  0.0637408  0.0005857  0.0004142
   853.500  0.0618042  0.0014368  0.0010159
   854.000  0.0643572  0.0019324  0.0013664
   854.500  0.0677988  0.0001139  0.0000805
   855.000  0.0679616  0.0011259  0.0007961
   855.500  0.0683343  0.0018144  0.0012830
   856.000  0.0677594  0.0034732  0.0024560
   856.500  0.0691236  0.0031784  0.0022475
   857.000  0.0683100  0.0003868  0.0002735
   857.500  0.0649107  0.0005240  0.0003706
   858.000  0.0617155  0.0014311  0.0010119
   858.500  0.0587465  0.0012303  0.0008700
   859.000  0.0559333  0.0004174  0.0002952
   859.500  0.0556579  0.0019196  0.0013574
   860.000  0.0594149  0.0053849  0.0038077
   860.500  0.0612293  0.0049381  0.0034918
   861.000  0.0585333  0.0016474  0.0011649
   861.500  0.0578453  0.0012263  0.0008671
   862.000  0.0583855  0.0000091  0.0000064
   862.500  0.0575768  0.0026931  0.0019043
   863.000  0.0585102  0.0018358  0.0012981
   863.500  0.0575219  0.0009728  0.0006879
   864.000  0.0568731  0.0015520  0.0010975
   864.500  0.0562539  0.0018086  0.0012789
   865.000  0.0543087  0.0025109  0.0017755
   865.500  0.0543611  0.0012299  0.0008697
   866.000  0.0564632  0.0002793  0.0001975
   866.500  0.0581681  0.0000214  0.0000151
   867.000  0.0572601  0.0015485  0.0010950
   867.500  0.0559772  0.0019856  0.0014040
   868.000  0.0549139  0.0011121  0.0007864
   868.500  0.0556675  0.0011064  0.0007823
   869.000  0.0558949  0.0027458  0.0019416
   869.500  0.0552731  0.0017891  0.0012651
   870.000  0.0561342  0.0004995  0.0003532
   870.500  0.0561135  0.0011272  0.0007970
   871.000  0.0555960  0.0011319  0.0008003
   871.500  0.0552306  0.0000818  0.0000578
   872.000  0.0547310  0.0047758  0.0033770
   872.500  0.0520299  0.0066849  0.0047269
   873.000  0.0491299  0.0044604  0.0031539
   873.500  0.0475801  0.0024915  0.0017618
   874.000  0.0488758  0.0023850  0.0016865
   874.500  0.0508817  0.0029047  0.0020539
   875.000  0.0516274  0.0049745  0.0035175
   875.500  0.0502698  0.0058160  0.0041125
   876.000  0.0483498  0.0056882  0.0040221
   876.500  0.0480986  0.0057264  0.0040492
   877.000  0.0504797  0.0012576  0.0008893
   877.500  0.0463442  0.0000433  0.0000306
   878.000  0.0436770  0.0018428  0.0013031
   878.500  0.0448506  0.0015357  0.0010859
   879.000  0.0464421  0.0004887  0.0003456
   879.500  0.0481637  0.0002585  0.0001828
   880.000  0.0470977  0.0012061  0.0008528
   880.500  0.0458057  0.0021838  0.0015442
   881.000  0.0465513  0.0034697  0.0024534
   881.500  0.0473400  0.0008208  0.0005804
   882.000  0.0486709  0.0020462  0.0014469
   882.500  0.0443798  0.0012816  0.0009062
   883.000  0.0406207  0.0017902  0.0012659
   883.500  0.0395151  0.0022614  0.0015991
   884.000  0.0377753  0.0000755  0.0000534
   884.500  0.0392359  0.0009184  0.0006494
   885.000  0.0410155  0.0006016  0.0004254
   885.500  0.0439623  0.0033412  0.0023626
   886.000  0.0487015  0.0059182  0.0041848
   886.500  0.0499804  0.0034977  0.0024733
   887.000  0.0461115  0.0004244  0.0003001
   887.500  0.0455943  0.0033508  0.0023694
   888.000  0.0435523  0.0017541  0.0012403
   888.500  0.0394326  0.0011080  0.0007835
   889.000  0.0408502  0.0007666  0.0005420
   889.500  0.0422917  0.0001888  0.0001335
   890.000  0.0404796  0.0015917  0.0011255
   890.500  0.0393503  0.0025150  0.0017784
   891.000  0.0392226  0.0015186  0.0010738
   891.500  0.0381566  0.0001787  0.0001264
   892.000  0.0368340  0.0021532  0.0015226
   892.500  0.0348704  0.0013696  0.0009685
   893.000  0.0329332  0.0023250  0.0016440
   893.500  0.0299523  0.0008689  0.0006144
   894.000  0.0282138  0.0020251  0.0014320
   894.500  0.0270473  0.0020984  0.0014838
   895.000  0.0274300  0.0019727  0.0013949
   895.500  0.0276287  0.0028104  0.0019873
   896.000  0.0261502  0.0033104  0.0023408
   896.500  0.0260778  0.0031594  0.0022340
   897.000  0.0267770  0.0024961  0.0017650
   897.500  0.0229091  0.0024574  0.0017376
   898.000  0.0173571  0.0054168  0.0038303
   898.500  0.0123082  0.0052410  0.0037059
   899.000  0.0091169  0.0034229  0.0024204
   899.500  0.0078238  0.0027402  0.0019376
   900.000  0.0070694  0.0067513  0.0047739
   900.500  0.0122467  0.0069198  0.0048931
   901.000  0.0179099  0.0068790  0.0048642
   901.500  0.0226034  0.0073747  0.0052147
   902.000  0.0247491  0.0033068  0.0023383
   902.500  0.0269861  0.0002511  0.0001776
   903.000  0.0289770  0.0005152  0.0003643
   903.500  0.0274199  0.0016414  0.0011606
   904.000  0.0260140  0.0029041  0.0020535
   904.500  0.0238392  0.0021797  0.0015413
   905.000  0.0208721  0.0004306  0.0003044
   905.500  0.0195234  0.0017952  0.0012694
   906.000  0.0213776  0.0006134  0.0004337
   906.500  0.0221025  0.0000504  0.0000356
   907.000  0.0194802  0.0011606  0.0008207
   907.500  0.0188094  0.0004865  0.0003440
   908.000  0.0170546  0.0006642  0.0004697
   908.500  0.0150249  0.0012007  0.0008490
   909.000  0.0156698  0.0001267  0.0000896
   909.500  0.0146343  0.0003124  0.0002209
   910.000  0.0137302  0.0009156  0.0006474
   910.500  0.0173720  0.0034326  0.0024273
   911.000  0.0188042  0.0047082  0.0033292
   911.500  0.0187095  0.0067708  0.0047877
   912.000  0.0163903  0.0045568  0.0032221
   912.500  0.0153417  0.0035080  0.0024805
   913.000  0.0165579  0.0033354  0.0023585
   913.500  0.0150575  0.0045121  0.0031906
   914.000  0.0146906  0.0057536  0.0040684
   914.500  0.0190094  0.0047948  0.0033904
   915.000  0.0190142  0.0032157  0.0022739
   915.500  0.0158111  0.0010328  0.0007303
   916.000  0.0144512  0.0021703  0.0015346
   916.500  0.0137506  0.0049483  0.0034989
   917.000  0.0137052  0.0072785  0.0051467
   917.500  0.0150492  0.0058280  0.0041210
   918.000  0.0151791  0.0025152  0.0017786
   918.500  0.0135009  0.0016092  0.0011379
   919.000  0.0154453  0.0016062  0.0011358
   919.500  0.0180215  0.0025290  0.0017882
   920.000  0.0198507  0.0008342  0.0005899
   920.500  0.0195524  0.0001453  0.0001027
   921.000  0.0177207  0.0014550  0.0010289
   921.500  0.0187883  0.0034701  0.0024537
   922.000  0.0181776  0.0004749  0.0003358
   922.500  0.0168060  0.0028646  0.0020255
   923.000  0.0165394  0.0048911  0.0034585
   923.500  0.0160076  0.0063310  0.0044767
   924.000  0.0181776  0.0080292  0.0056775
   924.500  0.0206780  0.0059685  0.0042204
   925.000  0.0212908  0.0020618  0.0014579
   925.500  0.0202102  0.0000000  0.0000000
   926.000  0.0211278  0.0000000  0.0000000
   926.500  0.0223316  0.0000000  0.0000000
   927.000  0.0193159  0.0000000  0.0000000
   927.500  0.0181806  0.0000000  0.0000000
   928.000  0.0184135  0.0000000  0.0000000
   928.500  0.0185707  0.0000000  0.0000000
   929.000  0.0186213  0.0000000  0.0000000
   929.500  0.0156119  0.0000000  0.0000000
   930.000  0.0117403  0.0000000  0.0000000
   930.500  0.0098133  0.0000000  0.0000000
   931.000  0.0091910  0.0000000  0.0000000
   931.500  0.0095827  0.0000000  0.0000000
   932.000  0.0105489  0.0000000  0.0000000
   932.500  0.0105172  0.0000000  0.0000000
   933.000  0.0062908  0.0000000  0.0000000
   933.500  0.0057170  0.0000000  0.0000000
   934.000  0.0074156  0.0000000  0.0000000
   934.500  0.0071197  0.0000000  0.0000000
   935.000  0.0061126  0.0000000  0.0000000
   935.500  0.0052970  0.0000000  0.0000000
   936.000  0.0039566  0.0000000  0.0000000
   936.500  0.0030342  0.0000000  0.0000000
   937.000  0.0026989  0.0000000  0.0000000
   937.500  0.0091698  0.0000000  0.0000000
   938.000  0.0107060  0.0000000  0.0000000
   938.500  0.0061186  0.0000000  0.0000000
   939.000  0.0025360  0.0000000  0.0000000
   939.500  0.0026167  0.0000000  0.0000000
   940.000  0.0055997  0.0000000  0.0000000
   940.500  0.0083857  0.0000000  0.0000000
   941.000  0.0098881  0.0000000  0.0000000
   941.500  0.0096420  0.0000000  0.0000000
   942.000  0.0079778  0.0000000  0.0000000
   942.500  0.0088885  0.0000000  0.0000000
   943.000  0.0099387  0.0000000  0.0000000
   943.500  0.0077424  0.0000000  0.0000000
   944.000  0.0019338  0.0000000  0.0000000
   944.500  0.0027942  0.0000000  0.0000000
   945.000  0.0036428  0.0000000  0.0000000
   945.500  0.0027969  0.0000000  0.0000000
   946.000  0.0050490  0.0000000  0.0000000
   946.500  0.0094712  0.0000000  0.0000000
   947.000  0.0136434  0.0000000  0.0000000
   947.500  0.0167081  0.0000000  0.0000000
   948.000  0.0153061  0.0000000  0.0000000
   948.500  0.0122829  0.0000000  0.0000000
   949.000  0.0106652  0.0000000  0.0000000
   949.500  0.0226630  0.0000000  0.0000000
   950.000  0.0248910  0.0000000  0.0000000
   950.500  0.0196846  0.0000000  0.0000000
   951.000  0.0137165  0.0000000  0.0000000
   951.500  0.0086760  0.0000000  0.0000000
   952.000  0.0058533  0.0000000  0.0000000
   952.500  0.0040815  0.0000000  0.0000000
   953.000  0.0011477  0.0000000  0.0000000
   953.500  0.0003330  0.0000000  0.0000000
   954.000  0.0022718  0.0000000  0.0000000
   954.500  0.0029807  0.0000000  0.0000000
   955.000  0.0056836  0.0000000  0.0000000
   955.500  0.0039090  0.0000000  0.0000000
   956.000  0.0010094  0.0000000  0.0000000
   956.500  0.0015633  0.0000000  0.0000000
   957.000  0.0046322  0.0000000  0.0000000
   957.500  0.0049908  0.0000000  0.0000000
   958.000  0.0020890  0.0000000  0.0000000
   958.500  0.0015745  0.0000000  0.0000000
   959.000  0.0058272  0.0000000  0.0000000
   959.500  0.0046302  0.0000000  0.0000000
   960.000  0.0013757  0.0000000  0.0000000
   960.500  0.0001592  0.0000000  0.0000000
   961.000        NAN        NAN  0.0000000
   961.500        NAN        NAN  0.0000000
   962.000  0.0018352  0.0000000  0.0000000
   962.500  0.0052551  0.0000000  0.0000000
   963.000  0.0066654  0.0000000  0.0000000
   963.500  0.0067778  0.0000000  0.0000000
   964.000  0.0088342  0.0000000  0.0000000
   964.500  0.0091256  0.0000000  0.0000000
   965.000  0.0101373  0.0000000  0.0000000
   965.500  0.0111981  0.0000000  0.0000000
   966.000  0.0099127  0.0000000  0.0000000
   966.500  0.0089286  0.0000000  0.0000000
   967.000  0.0027190  0.0000000  0.0000000
   967.500        NAN        NAN  0.0000000
   968.000  0.0020125  0.0000000  0.0000000
   968.500  0.0050593  0.0000000  0.0000000
   969.000  0.0069724  0.0000000  0.0000000
   969.500  0.0062970  0.0000000  0.0000000
   970.000  0.0016495  0.0000000  0.0000000
   970.500  0.0003856  0.0000000  0.0000000
   971.000  0.0017580  0.0000000  0.0000000
   971.500  0.0052379  0.0000000  0.0000000
   972.000  0.0081074  0.0000000  0.0000000
   972.500  0.0069717  0.0000000  0.0000000
   973.000  0.0036588  0.0000000  0.0000000
   973.500  0.0039264  0.0000000  0.0000000
   974.000  0.0068337  0.0000000  0.0000000
   974.500  0.0079540  0.0000000  0.0000000
   975.000  0.0071734  0.0000000  0.0000000
   975.500  0.0046725  0.0000000  0.0000000
   976.000  0.0075218  0.0000000  0.0000000
   976.500  0.0007115  0.0000000  0.0000000
   977.000  0.0004997  0.0000000  0.0000000
   977.500  0.0022066  0.0000000  0.0000000
   978.000  0.0015097  0.0000000  0.0000000
   978.500  0.0003751  0.0000000  0.0000000
   979.000        NAN        NAN  0.0000000
   979.500  0.0007030  0.0000000  0.0000000
   980.000  0.0038717  0.0000000  0.0000000
   980.500  0.0079594  0.0000000  0.0000000
   981.000  0.0062028  0.0000000  0.0000000
   981.500  0.0062149  0.0000000  0.0000000
   982.000  0.0022012  0.0000000  0.0000000
   982.500  0.0011128  0.0000000  0.0000000
   983.000  0.0017759  0.0000000  0.0000000
   983.500  0.0006964  0.0000000  0.0000000
   984.000        NAN        NAN  0.0000000
   984.500        NAN        NAN  0.0000000
   985.000        NAN        NAN  0.0000000
   985.500        NAN        NAN  0.0000000
   986.000        NAN        NAN  0.0000000
   986.500        NAN        NAN  0.0000000
   987.000        NAN        NAN  0.0000000
   987.500        NAN        NAN  0.0000000
   988.000        NAN        NAN  0.0000000
   988.500        NAN        NAN  0.0000000
   989.000        NAN        NAN  0.0000000
   989.500  0.0002067  0.0000000  0.0000000
   990.000  0.0037218  0.0000000  0.0000000
   990.500  0.0082561  0.0000000  0.0000000
   991.000  0.0101816  0.0000000  0.0000000
   991.500  0.0105891  0.0000000  0.0000000
   992.000  0.0044351  0.0000000  0.0000000
   992.500  0.0009371  0.0000000  0.0000000
   993.000  0.0000662  0.0000000  0.0000000
   993.500        NAN        NAN  0.0000000
   994.000  0.0013895  0.0000000  0.0000000
   994.500  0.0013961  0.0000000  0.0000000
   995.000  0.0007135  0.0000000  0.0000000
   995.500  0.0002045  0.0000000  0.0000000
   996.000  0.0000876  0.0000000  0.0000000
   996.500  0.0002422  0.0000000  0.0000000
   997.000  0.0003705  0.0000000  0.0000000
   997.500  0.0007181  0.0000000  0.0000000
   998.000        NAN        NAN  0.0000000
   998.500        NAN        NAN  0.0000000
   999.000        NAN        NAN  0.0000000
   999.500  0.0049932  0.0000000  0.0000000
  1000.000  0.0024005  0.0000000  0.0000000
  1000.500        NAN        NAN  0.0000000
  1001.000  0.0017714  0.0000000  0.0000000
  1001.500  0.0024195  0.0000000  0.0000000
  1002.000        NAN        NAN  0.0000000
  1002.500  0.0002847  0.0000000  0.0000000
  1003.000  0.0024439  0.0000000  0.0000000
  1003.500  0.0104419  0.0000000  0.0000000
  1004.000  0.0113300  0.0000000  0.0000000
  1004.500  0.0058294  0.0000000  0.0000000
  1005.000  0.0012068  0.0000000  0.0000000
  1005.500        NAN        NAN  0.0000000
  1006.000        NAN        NAN  0.0000000
  1006.500  0.0004559  0.0000000  0.0000000
  1007.000  0.0005947  0.0000000  0.0000000
  1007.500        NAN        NAN  0.0000000
  1008.000  0.0002332  0.0000000  0.0000000
  1008.500  0.0016454  0.0000000  0.0000000
  1009.000  0.0054194  0.0000000  0.0000000
  1009.500  0.0138673  0.0000000  0.0000000
  1010.000  0.0196772  0.0000000  0.0000000
  1010.500  0.0198915  0.0000000  0.0000000
  1011.000  0.0284071  0.0000000  0.0000000
  1011.500  0.0844330  0.0000000  0.0000000
  1012.000  0.2100891  0.0000000  0.0000000
  1012.500  0.3580159  0.0000000  0.0000000
  1013.000  0.4626492  0.0000000  0.0000000
  1013.500  0.6317966  0.0000000  0.0000000
  1014.000  0.8539939  0.0000000  0.0000000
  1014.500  0.9784829  0.0000000  0.0000000
  1015.000  1.0000000  0.0000000  0.0000000
  1015.500  0.9923469  0.0000000  0.0000000
  1016.000  0.9774385  0.0000000  0.0000000
  1016.500  0.9615376  0.0000000  0.0000000
  1017.000  0.9393879  0.0000000  0.0000000
  1017.500  0.9102328  0.0000000  0.0000000
  1018.000  0.8740312  0.0000000  0.0000000
  1018.500  0.8280190  0.0000000  0.0000000
  1019.000  0.7756475  0.0000000  0.0000000
  1019.500  0.7253295  0.0000000  0.0000000
  1020.000  0.6801905  0.0000000  0.0000000
  1020.500  0.6352097  0.0000000  0.0000000
  1021.000  0.5906302  0.0000000  0.0000000
  1021.500  0.5476011  0.0000000  0.0000000
  1022.000  0.5031448  0.0000000  0.0000000
  1022.500  0.4588403  0.0000000  0.0000000
  1023.000  0.4169219  0.0000000  0.0000000
  1023.500  0.3754899  0.0000000  0.0000000
  1024.000  0.3306377  0.0000000  0.0000000
  1024.500  0.2819266  0.0000000  0.0000000
  1025.000  0.2296934  0.0000000  0.0000000
  1025.500  0.1757397  0.0000000  0.0000000
  1026.000  0.1260754  0.0000000  0.0000000
  1026.500  0.0829772  0.0000000  0.0000000
  1027.000  0.0456749  0.0000000  0.0000000
  1027.500  0.0186056  0.0000000  0.0000000
  1028.000  0.0049863  0.0000000  0.0000000
  1028.500  0.0008261  0.0000000  0.0000000
  1029.000  0.0000443  0.0000000  0.0000000
  1029.500        NAN        NAN  0.0000000
  1030.000        NAN        NAN  0.0000000
  1030.500        NAN        NAN  0.0000000
  1031.000        NAN        NAN  0.0000000
  1031.500        NAN        NAN  0.0000000
  1032.000        NAN        NAN  0.0000000
  1032.500        NAN        NAN  0.0000000
  1033.000        NAN        NAN  0.0000000
  1033.500        NAN        NAN  0.0000000
  1034.000        NAN        NAN  0.0000000
  1034.500        NAN        NAN  0.0000000
  1035.000        NAN        NAN  0.0000000
  1035.500        NAN        NAN  0.0000000
  1036.000        NAN        NAN  0.0000000
  1036.500        NAN        NAN  0.0000000
  1037.000        NAN        NAN  0.0000000
  1037.500        NAN        NAN  0.0000000
  1038.000        NAN        NAN  0.0000000
  1038.500        NAN        NAN  0.0000000
  1039.000        NAN        NAN  0.0000000
  1039.500        NAN        NAN  0.0000000
  1040.000        NAN        NAN  0.0000000
  1040.500        NAN        NAN  0.0000000
  1041.000        NAN        NAN  0.0000000
  1041.500        NAN        NAN  0.0000000
  1042.000        NAN        NAN  0.0000000
  1042.500        NAN        NAN  0.0000000
  1043.000        NAN        NAN  0.0000000
  1043.500        NAN        NAN  0.0000000
  1044.000        NAN        NAN  0.0000000
  1044.500        NAN        NAN  0.0000000
  1045.000        NAN        NAN  0.0000000
  1045.500        NAN        NAN  0.0000000
  1046.000        NAN        NAN  0.0000000
  1046.500        NAN        NAN  0.0000000
  1047.000        NAN        NAN  0.0000000
  1047.500        NAN        NAN  0.0000000
  1048.000        NAN        NAN  0.0000000
  1048.500        NAN        NAN  0.0000000
  1049.000        NAN        NAN  0.0000000
  1049.500        NAN        NAN  0.0000000
  1050.000        NAN        NAN  0.0000000
  1050.500        NAN        NAN  0.0000000
  1051.000        NAN        NAN  0.0000000
  1051.500        NAN        NAN  0.0000000
  1052.000        NAN        NAN  0.0000000
  1052.500        NAN        NAN  0.0000000
  1053.000        NAN        NAN  0.0000000
  1053.500        NAN        NAN  0.0000000
  1054.000        NAN        NAN  0.0000000
  1054.500        NAN        NAN  0.0000000
  1055.000        NAN        NAN  0.0000000
  1055.500        NAN        NAN  0.0000000
  1056.000        NAN        NAN  0.0000000
  1056.500        NAN        NAN  0.0000000
  1057.000        NAN        NAN  0.0000000
  1057.500        NAN        NAN  0.0000000
  1058.000        NAN        NAN  0.0000000
  1058.500        NAN        NAN  0.0000000
  1059.000        NAN        NAN  0.0000000
  1059.500        NAN        NAN  0.0000000
  1060.000        NAN        NAN  0.0000000
  1060.500        NAN        NAN  0.0000000
  1061.000        NAN        NAN  0.0000000
  1061.500        NAN        NAN  0.0000000
  1062.000        NAN        NAN  0.0000000
